Rk,Player,Age,Team,Pos,G,GS,MP,FG,FGA,FG%,3P,3PA,3P%,2P,2PA,2P%,eFG%,FT,FTA,FT%,ORB,DRB,TRB,AST,STL,BLK,TOV,PF,PTS,Trp-Dbl,Awards,Player-additional
1,Shai Gilgeous-Alexander,27,OKC,PG,49,49,1632,534,964,.554,87,223,.390,447,741,.603,.599,403,452,.892,27,191,218,314,64,38,103,101,1558,0,,gilgesh01
2,Tyrese Maxey,25,PHI,PG,52,52,2008,524,1117,.469,174,459,.379,350,658,.532,.547,281,316,.889,14,200,214,351,102,40,126,118,1503,0,,maxeyty01
3,Donovan Mitchell,29,CLE,SG,51,51,1719,516,1060,.487,185,492,.376,331,568,.583,.574,261,306,.853,41,188,229,302,79,15,159,125,1478,0,,mitchdo01
4,Jaylen Brown,29,BOS,SF,49,49,1676,534,1105,.483,102,293,.348,432,812,.532,.529,265,342,.775,57,279,336,229,49,20,176,136,1435,2,,brownja02
5,Luka Dončić,26,LAL,PG,42,42,1492,437,923,.473,149,432,.345,288,491,.587,.554,356,456,.781,32,297,329,360,61,19,179,102,1379,6,,doncilu01
6,Jalen Brunson,29,NYK,PG,50,50,1728,481,1024,.470,146,390,.374,335,634,.528,.541,243,287,.847,26,140,166,305,36,5,110,116,1351,0,,brunsja01
7,Anthony Edwards,24,MIN,SG,46,46,1632,463,940,.493,155,386,.402,308,554,.556,.575,267,336,.795,31,209,240,171,62,38,124,84,1348,0,,edwaran01
8,Kevin Durant,37,HOU,SF,50,50,1835,452,894,.506,116,288,.403,336,606,.554,.570,271,308,.880,25,242,267,222,42,44,161,101,1291,0,,duranke01
9,Jamal Murray,28,DEN,PG,50,50,1780,454,937,.485,158,372,.425,296,565,.524,.569,220,248,.887,21,198,219,380,48,19,115,78,1286,0,,murraja01
10,Julius Randle,31,MIN,PF,56,56,1882,438,891,.492,87,268,.325,351,623,.563,.540,288,350,.823,94,297,391,302,62,14,144,159,1251,3,,randlju01
11,Pascal Siakam,31,IND,PF,51,51,1723,455,947,.480,93,252,.369,362,695,.521,.530,208,306,.680,79,264,343,201,57,23,111,123,1211,0,,siakapa01
12,Cade Cunningham,24,DET,PG,47,47,1640,416,901,.462,90,273,.330,326,628,.519,.512,269,333,.808,45,220,265,452,69,39,173,149,1191,3,,cunnica01
13,James Harden,36,2TM,PG,47,47,1656,338,804,.420,143,408,.350,195,396,.492,.509,357,396,.902,30,198,228,384,58,20,173,90,1176,2,,hardeja01
13,James Harden,36,LAC,PG,44,44,1559,323,771,.419,135,389,.347,188,382,.492,.506,337,374,.901,27,185,212,358,57,16,162,83,1118,2,,hardeja01
13,James Harden,36,CLE,PG,3,3,97,15,33,.455,8,19,.421,7,14,.500,.576,20,22,.909,3,13,16,26,1,4,11,7,58,0,,hardeja01
14,Jalen Johnson,24,ATL,SF,50,50,1785,432,861,.502,83,235,.353,349,626,.558,.550,217,279,.778,78,454,532,409,66,25,172,107,1164,10,,johnsja05
15,Deni Avdija,25,POR,SF,46,46,1577,354,765,.463,102,295,.346,252,470,.536,.529,348,434,.802,53,277,330,305,38,28,178,122,1158,3,,avdijde01
16,Brandon Ingram,28,TOR,SF,53,53,1800,430,908,.474,96,263,.365,334,645,.518,.526,200,239,.837,43,261,304,194,41,42,132,103,1156,0,,ingrabr01
17,Trey Murphy III,25,NOP,SF,52,52,1853,404,848,.476,168,445,.378,236,403,.586,.575,173,194,.892,55,242,297,199,78,16,95,110,1149,0,,murphtr02
18,Kawhi Leonard,34,LAC,SF,41,41,1344,397,808,.491,110,287,.383,287,521,.551,.559,239,262,.912,44,220,264,151,86,21,88,52,1143,0,,leonaka01
19,Keyonte George,22,UTA,PG,48,48,1629,358,782,.458,120,320,.375,238,462,.515,.535,305,341,.894,23,164,187,313,52,14,158,112,1141,0,,georgke01
20,Nikola Jokić,30,DEN,C,39,39,1338,393,666,.590,76,181,.420,317,485,.654,.647,257,306,.840,122,358,480,417,53,30,144,105,1119,20,,jokicni01
21,Lauri Markkanen,28,UTA,PF,41,41,1410,374,782,.478,114,314,.363,260,468,.556,.551,232,260,.892,82,204,286,87,40,21,61,77,1094,0,,markkla01
22,Nickeil Alexander-Walker,27,ATL,SG,54,47,1795,368,850,.433,164,440,.373,204,410,.498,.529,184,208,.885,32,163,195,200,63,33,110,118,1084,0,,alexani01
23,Devin Booker,29,PHO,SG,43,43,1458,356,782,.455,74,238,.311,282,544,.518,.503,297,344,.863,35,136,171,270,39,12,143,117,1083,0,,bookede01
24,Stephen Curry,37,GSW,PG,39,39,1222,348,744,.468,175,448,.391,173,296,.584,.585,190,204,.931,16,122,138,189,44,16,111,74,1061,0,,curryst01
25,DeMar DeRozan,36,SAC,PF,56,56,1813,370,749,.494,41,122,.336,329,627,.525,.521,266,308,.864,28,149,177,211,65,14,63,114,1047,0,,derozde01
26,Scottie Barnes,24,TOR,PF,54,54,1856,406,806,.504,49,163,.301,357,643,.555,.534,182,222,.820,118,336,454,303,70,86,143,154,1043,2,,barnesc01
27,Desmond Bane,27,ORL,SG,53,53,1801,376,797,.472,102,274,.372,274,523,.524,.536,186,200,.930,66,156,222,221,48,27,116,163,1040,0,,banede01
28,Dillon Brooks,30,PHO,SF,49,49,1523,381,864,.441,116,338,.343,265,526,.504,.508,161,188,.856,38,142,180,88,52,8,89,165,1039,0,,brookdi01
29,Norman Powell,32,MIA,SG,45,45,1379,345,728,.474,130,328,.396,215,400,.538,.563,214,254,.843,17,147,164,116,55,10,89,100,1034,0,,powelno01
30,Michael Porter Jr.,27,BRK,SF,41,41,1353,362,763,.474,150,390,.385,212,373,.568,.573,151,177,.853,53,241,294,130,43,10,102,89,1025,0,,portemi01
31,Shaedon Sharpe,22,POR,SG,48,42,1439,386,847,.456,101,297,.340,285,550,.518,.515,152,194,.784,48,164,212,126,68,6,144,95,1025,0,,sharpsh01
32,Kon Knueppel,20,CHO,SF,54,53,1734,350,723,.484,183,425,.431,167,298,.560,.611,138,153,.902,65,232,297,192,37,13,119,116,1021,0,,knuepko01
33,Karl-Anthony Towns,30,NYK,C,51,51,1597,333,714,.466,80,228,.351,253,486,.521,.522,264,309,.854,155,452,607,148,44,31,129,180,1010,0,,townska01
34,Cooper Flagg,19,DAL,SF,49,49,1669,381,790,.482,52,172,.302,329,618,.532,.515,185,230,.804,56,265,321,202,58,39,108,105,999,0,,flaggco01
35,Victor Wembanyama,22,SAS,C,40,31,1161,334,654,.511,73,201,.363,261,453,.576,.567,235,290,.810,78,365,443,110,38,106,105,108,976,1,,wembavi01
36,Miles Bridges,27,CHO,PF,53,53,1707,344,767,.449,112,342,.327,232,425,.546,.522,163,193,.845,52,270,322,184,27,26,78,98,963,0,,bridgmi02
37,CJ McCollum,34,2TM,SG,51,37,1537,354,778,.455,132,346,.382,222,432,.514,.540,117,151,.775,35,139,174,182,38,19,87,99,957,0,,mccolcj01
37,CJ McCollum,34,WAS,SG,35,35,1082,240,529,.454,96,244,.393,144,285,.505,.544,82,102,.804,23,101,124,126,24,9,58,73,658,0,,mccolcj01
37,CJ McCollum,34,ATL,PG,16,2,455,114,249,.458,36,102,.353,78,147,.531,.530,35,49,.714,12,38,50,56,14,10,29,26,299,0,,mccolcj01
38,Alperen Şengün,23,HOU,C,46,46,1559,370,744,.497,26,87,.299,344,657,.524,.515,186,269,.691,146,285,431,289,62,47,145,151,952,2,,sengual01
39,Jaren Jackson Jr.,26,2TM,C,48,48,1454,342,719,.476,84,235,.357,258,484,.533,.534,163,203,.803,42,230,272,94,53,69,107,179,931,0,,jacksja02
39,Jaren Jackson Jr.,26,MEM,C,45,45,1382,318,670,.475,79,220,.359,239,450,.531,.534,149,187,.797,41,218,259,86,47,68,100,170,864,0,,jacksja02
39,Jaren Jackson Jr.,26,UTA,C,3,3,72,24,49,.490,5,15,.333,19,34,.559,.541,14,16,.875,1,12,13,8,6,1,7,9,67,0,,jacksja02
40,Amen Thompson,23,HOU,PG,52,52,1937,353,699,.505,18,88,.205,335,611,.548,.518,193,246,.785,150,244,394,281,74,32,129,113,917,0,,thompam01
41,Paolo Banchero,23,ORL,PF,43,43,1482,304,670,.454,49,162,.302,255,508,.502,.490,259,340,.762,47,315,362,206,30,27,118,83,916,2,,banchpa01
42,Payton Pritchard,28,BOS,PG,53,48,1732,344,744,.462,136,382,.356,208,362,.575,.554,89,104,.856,47,174,221,283,41,5,63,74,913,0,,pritcpa01
43,Derrick White,31,BOS,SG,52,52,1781,310,796,.389,149,459,.325,161,337,.478,.483,127,142,.894,53,175,228,290,62,73,93,83,896,0,,whitede01
44,Bam Adebayo,28,MIA,C,48,48,1506,312,705,.443,78,231,.338,234,474,.494,.498,183,234,.782,99,376,475,134,49,34,89,79,885,0,,adebaba01
45,Immanuel Quickley,26,TOR,PG,52,52,1685,309,694,.445,139,366,.380,170,328,.518,.545,128,159,.805,29,198,227,315,64,5,83,109,885,0,,quickim01
46,Mikal Bridges,29,NYK,SF,55,55,1895,350,694,.504,118,306,.386,232,388,.598,.589,58,70,.829,59,171,230,224,79,45,58,109,876,0,,bridgmi01
47,De'Aaron Fox,28,SAS,PG,45,45,1442,326,674,.484,90,255,.353,236,419,.563,.550,132,166,.795,26,147,173,282,57,13,109,100,874,0,,foxde01
48,LaMelo Ball,24,CHO,PG,45,42,1247,306,764,.401,155,427,.363,151,337,.448,.502,100,113,.885,38,178,216,332,50,10,136,117,867,1,,ballla01
49,Zion Williamson,25,NOP,PF,40,33,1187,320,548,.584,0,3,.000,320,545,.587,.584,224,315,.711,90,154,244,140,39,24,92,94,864,0,,willizi01
50,Ryan Rollins,23,MIL,PG,51,46,1633,330,712,.463,122,300,.407,208,412,.505,.549,78,103,.757,42,193,235,278,75,20,122,140,860,0,,rolliry01
51,Chet Holmgren,23,OKC,PF,49,49,1430,318,568,.560,61,175,.349,257,393,.654,.614,158,201,.786,92,334,426,80,25,95,75,120,855,0,,holmgch01
52,Anthony Black,22,ORL,PG,53,33,1649,306,665,.460,89,257,.346,217,408,.532,.527,151,200,.755,40,174,214,212,74,38,116,146,852,0,,blackan01
53,Nikola Vučević,35,2TM,C,51,48,1558,349,693,.504,87,230,.378,262,463,.566,.566,66,80,.825,110,350,460,188,35,34,77,105,851,0,,vucevni01
53,Nikola Vučević,35,CHI,C,48,48,1480,333,660,.505,82,218,.376,251,442,.568,.567,62,74,.838,100,331,431,181,32,31,69,97,810,0,,vucevni01
53,Nikola Vučević,35,BOS,C,3,0,78,16,33,.485,5,12,.417,11,21,.524,.561,4,6,.667,10,19,29,7,3,3,8,8,41,0,,vucevni01
54,Giannis Antetokounmpo,31,MIL,PF,30,30,876,314,487,.645,15,38,.395,299,449,.666,.660,196,298,.658,84,217,301,168,27,22,100,78,839,0,,antetgi01
55,Matas Buzelis,21,CHI,PF,55,55,1554,299,631,.474,113,304,.372,186,327,.569,.563,123,158,.778,57,239,296,114,36,81,103,133,834,0,,buzelma01
56,Joel Embiid,31,PHI,C,31,31,972,278,563,.494,39,122,.320,239,441,.542,.528,230,268,.858,65,167,232,121,20,34,92,67,825,1,,embiijo01
57,Onyeka Okongwu,25,ATL,C,50,39,1596,300,620,.484,103,272,.379,197,348,.566,.567,109,140,.779,93,292,385,162,58,49,97,175,812,0,,okongon01
58,Saddiq Bey,26,NOP,SF,49,41,1494,278,624,.446,93,267,.348,185,357,.518,.520,162,192,.844,79,208,287,121,45,2,35,57,811,0,,beysa01
59,Jaden McDaniels,25,MIN,PF,54,54,1734,306,590,.519,83,183,.454,223,407,.548,.589,114,135,.844,63,168,231,155,52,54,93,180,809,0,,mcdanja02
60,Naji Marshall,28,DAL,SF,53,29,1568,294,552,.533,48,156,.308,246,396,.621,.576,162,209,.775,47,214,261,158,55,5,73,103,798,0,,marshna01
61,Andrew Wiggins,30,MIA,SF,50,50,1564,305,648,.471,98,248,.395,207,400,.518,.546,89,116,.767,89,161,250,138,60,48,85,112,797,0,,wiggian01
62,Russell Westbrook,37,SAC,SF,52,46,1521,294,683,.430,107,310,.345,187,373,.501,.509,101,145,.697,72,224,296,342,68,8,177,128,796,4,,westbru01
63,Naz Reid,26,MIN,C,56,2,1468,298,635,.469,135,351,.385,163,284,.574,.576,62,84,.738,65,294,359,139,57,52,90,141,793,0,,reidna01
64,LeBron James,41,LAL,SF,36,36,1200,295,588,.502,51,167,.305,244,421,.580,.545,150,201,.746,24,185,209,254,39,21,111,49,791,1,,jamesle01
65,Jabari Smith Jr.,22,HOU,PF,52,52,1823,283,648,.437,115,321,.358,168,327,.514,.525,110,142,.775,82,285,367,96,41,50,68,131,791,0,,smithja05
66,Brandon Miller,23,CHO,SF,38,38,1158,270,636,.425,113,309,.366,157,327,.480,.513,131,147,.891,41,139,180,125,40,34,104,105,784,0,,millebr02
67,Jalen Duren,22,DET,C,44,44,1218,303,480,.631,0,0,,303,480,.631,.631,171,232,.737,162,296,458,77,40,34,83,125,777,0,,durenja01
68,Jaime Jaquez Jr.,24,MIA,SF,51,1,1473,314,622,.505,27,102,.265,287,520,.552,.527,122,163,.748,68,209,277,241,43,15,115,102,777,0,,jaqueja01
69,Tim Hardaway Jr.,33,DEN,SG,54,5,1487,246,543,.453,155,379,.409,91,164,.555,.596,116,135,.859,10,132,142,71,28,8,25,67,763,0,,hardati02
70,Anfernee Simons,26,2TM,SG,53,4,1328,276,624,.442,142,367,.387,134,257,.521,.556,67,75,.893,31,101,132,133,27,8,65,90,761,0,,simonan01
70,Anfernee Simons,26,BOS,SG,49,0,1202,250,568,.440,130,329,.395,120,239,.502,.555,64,72,.889,26,92,118,116,27,6,55,82,694,0,,simonan01
70,Anfernee Simons,26,CHI,SG,4,4,126,26,56,.464,12,38,.316,14,18,.778,.571,3,3,1.000,5,9,14,17,0,2,10,8,67,0,,simonan01
71,Jimmy Butler,36,GSW,SF,38,38,1182,240,462,.519,32,85,.376,208,377,.552,.554,248,287,.864,88,123,211,185,55,8,60,46,760,0,,butleji01
72,Evan Mobley,24,CLE,PF,42,40,1402,291,568,.512,48,158,.304,243,410,.593,.555,122,192,.635,97,271,368,170,38,82,88,106,752,0,,mobleev01
73,Jerami Grant,31,POR,PF,40,21,1164,231,527,.438,92,246,.374,139,281,.495,.526,196,237,.827,37,104,141,95,26,26,84,102,750,0,,grantje01
74,Andrew Nembhard,26,IND,PG,43,43,1381,262,594,.441,83,228,.364,179,366,.489,.511,142,174,.816,18,109,127,321,39,7,105,95,749,0,,nembhan01
75,Zach LaVine,30,SAC,SG,39,37,1224,262,547,.479,99,254,.390,163,293,.556,.569,125,142,.880,8,100,108,89,28,10,74,81,748,0,,lavinza01
76,VJ Edgecombe,20,PHI,SG,50,50,1768,276,653,.423,100,284,.352,176,369,.477,.499,92,117,.786,81,189,270,206,74,25,91,151,744,0,,edgecvj01
77,Jeremiah Fears,19,NOP,PG,56,44,1435,282,658,.429,59,182,.324,223,476,.468,.473,118,145,.814,41,165,206,171,71,18,123,103,741,0,,fearsje01
78,Toumani Camara,25,POR,PF,56,56,1873,261,592,.441,146,395,.370,115,197,.584,.564,66,94,.702,97,203,300,144,56,25,111,178,734,0,,camarto01
79,Peyton Watson,23,DEN,SF,49,39,1502,264,532,.496,75,180,.417,189,352,.537,.567,128,176,.727,45,195,240,96,50,58,86,121,731,0,,watsope01
80,Keldon Johnson,26,SAS,SF,54,0,1289,277,505,.549,65,171,.380,212,334,.635,.613,110,139,.791,97,221,318,78,36,8,53,110,729,0,,johnske04
81,Stephon Castle,21,SAS,PG,44,43,1327,249,537,.464,46,160,.288,203,377,.538,.507,184,255,.722,54,168,222,307,58,15,150,148,728,2,,castlst01
82,Ayo Dosunmu,26,2TM,SG,48,10,1271,268,518,.517,92,206,.447,176,312,.564,.606,93,108,.861,33,106,139,172,39,13,63,86,721,0,,dosunay01
82,Ayo Dosunmu,26,CHI,SG,45,10,1187,250,486,.514,87,193,.451,163,293,.556,.604,90,105,.857,33,103,136,164,34,12,61,78,677,0,,dosunay01
82,Ayo Dosunmu,26,MIN,SG,3,0,84,18,32,.563,5,13,.385,13,19,.684,.641,3,3,1.000,0,3,3,8,5,1,2,8,44,0,,dosunay01
83,Collin Gillespie,26,PHO,PG,54,35,1527,250,576,.434,163,385,.423,87,191,.455,.576,55,65,.846,53,172,225,253,75,12,89,83,718,0,,gilleco01
84,Donte DiVincenzo,29,MIN,SG,56,56,1745,242,588,.412,171,447,.383,71,141,.504,.557,61,81,.753,56,195,251,234,79,25,84,144,716,0,,divindo01
85,Austin Reaves,27,LAL,SG,28,22,939,220,433,.508,70,193,.363,150,240,.625,.589,202,233,.867,19,122,141,168,27,6,94,62,712,0,,reaveau01
86,John Collins,28,LAC,PF,51,42,1426,276,488,.566,71,165,.430,205,323,.635,.638,83,106,.783,72,188,260,47,41,40,68,137,706,0,,collijo01
87,Alex Sarr,20,WAS,C,41,41,1156,285,575,.496,40,119,.336,245,456,.537,.530,94,136,.691,96,223,319,115,34,82,70,85,704,0,,sarral01
88,Jaylon Tyson,23,CLE,SG,50,35,1390,263,512,.514,104,219,.475,159,293,.543,.615,63,84,.750,101,169,270,115,43,20,78,129,693,0,,tysonja01
89,OG Anunoby,28,NYK,PF,41,41,1353,239,499,.479,85,230,.370,154,269,.572,.564,116,145,.800,59,166,225,97,71,28,85,102,679,0,,anunoog01
90,Derik Queen,21,NOP,C,55,43,1432,259,527,.491,15,54,.278,244,473,.516,.506,139,179,.777,89,308,397,228,57,50,132,156,672,2,,queende01
91,Bobby Portis,30,MIL,PF,51,9,1240,270,559,.483,97,215,.451,173,344,.503,.570,34,47,.723,67,268,335,83,31,8,54,85,671,0,,portibo01
92,Reed Sheppard,21,HOU,SG,53,6,1310,249,585,.426,128,331,.387,121,254,.476,.535,45,58,.776,18,119,137,159,76,30,70,103,671,0,,sheppre01
93,Brice Sensabaugh,22,UTA,SF,53,10,1162,231,513,.450,96,278,.345,135,235,.574,.544,107,126,.849,38,118,156,81,36,5,65,99,665,0,,sensabr01
94,Max Christie,22,DAL,SG,50,41,1484,227,486,.467,123,289,.426,104,197,.528,.594,86,99,.869,10,160,170,114,28,18,54,71,663,0,,chrisma02
95,Brandin Podziemski,22,GSW,SG,55,19,1478,234,522,.448,91,246,.370,143,276,.518,.535,102,133,.767,41,211,252,194,62,10,82,100,661,0,,podzibr01
96,Kyshawn George,22,WAS,SF,43,43,1296,233,528,.441,90,239,.377,143,289,.495,.527,94,118,.797,42,192,234,207,46,38,119,162,650,0,,georgky01
97,Collin Sexton,27,2TM,SG,45,13,1030,221,459,.481,60,158,.380,161,301,.535,.547,147,168,.875,23,68,91,163,39,7,99,87,649,0,,sextoco01
97,Collin Sexton,27,CHO,SG,42,12,938,202,414,.488,57,145,.393,145,269,.539,.557,135,154,.877,18,62,80,157,36,7,89,75,596,0,,sextoco01
97,Collin Sexton,27,CHI,SG,3,1,92,19,45,.422,3,13,.231,16,32,.500,.456,12,14,.857,5,6,11,6,3,0,10,12,53,0,,sextoco01
98,Kyle Kuzma,30,MIL,PF,50,26,1341,243,505,.481,49,152,.322,194,353,.550,.530,110,150,.733,47,202,249,127,31,21,81,105,645,0,,kuzmaky01
99,Cedric Coward,22,MEM,SG,48,35,1263,233,498,.468,71,209,.340,162,289,.561,.539,102,121,.843,65,234,299,140,27,19,84,94,639,0,,cowarce01
100,Myles Turner,29,MIL,C,50,50,1428,213,483,.441,108,279,.387,105,204,.515,.553,102,135,.756,62,223,285,81,34,84,58,134,636,0,,turnemy01
101,Josh Giddey,23,CHI,PG,34,31,1090,217,470,.462,59,161,.366,158,309,.511,.524,138,178,.775,41,251,292,299,31,11,120,56,631,7,,giddejo01
102,Jaylen Wells,22,MEM,SG,52,52,1394,217,523,.415,91,269,.338,126,254,.496,.502,104,136,.765,49,129,178,86,41,6,58,113,629,0,,wellsja01
103,Jarrett Allen,27,CLE,C,43,43,1175,248,398,.623,1,9,.111,247,389,.635,.624,131,175,.749,101,255,356,85,42,37,59,78,628,0,,allenja01
104,Nic Claxton,26,BRK,C,50,49,1464,256,434,.590,3,14,.214,253,420,.602,.593,111,183,.607,128,237,365,198,36,63,70,117,626,2,,claxtni01
105,Duncan Robinson,31,DET,SF,51,51,1437,211,478,.441,149,372,.401,62,106,.585,.597,54,73,.740,18,119,137,95,33,16,36,110,625,0,,robindu01
106,Ivica Zubac,28,LAC,C,43,42,1328,263,429,.613,0,0,,263,429,.613,.613,93,132,.705,148,325,473,96,16,36,82,104,619,0,,zubaciv01
107,De'Andre Hunter,28,2TM,SF,45,25,1176,208,501,.415,75,246,.305,133,255,.522,.490,124,143,.867,30,155,185,90,30,6,75,112,615,0,,huntede01
107,De'Andre Hunter,28,CLE,SF,43,23,1125,204,482,.423,73,237,.308,131,245,.535,.499,119,137,.869,29,153,182,89,30,6,71,107,600,0,,huntede01
107,De'Andre Hunter,28,SAC,SF,2,2,51,4,19,.211,2,9,.222,2,10,.200,.263,5,6,.833,1,2,3,1,0,0,4,5,15,0,,huntede01
108,Dyson Daniels,22,ATL,SG,53,53,1780,274,550,.498,10,75,.133,264,475,.556,.507,56,91,.615,117,225,342,327,97,22,104,116,614,1,,daniedy01
109,Moses Moody,23,GSW,SG,53,42,1331,205,469,.437,127,317,.401,78,152,.513,.572,74,95,.779,44,130,174,78,50,32,47,103,611,0,,moodymo01
110,Noah Clowney,21,BRK,PF,47,41,1335,187,477,.392,98,304,.322,89,173,.514,.495,138,173,.798,46,154,200,84,35,37,82,129,610,0,,clownno01
111,Deandre Ayton,27,LAL,C,46,46,1299,278,412,.675,0,0,,278,412,.675,.675,53,82,.646,117,272,389,41,29,44,63,107,609,0,,aytonde01
112,Quentin Grimes,25,PHI,SG,48,7,1434,197,449,.439,87,255,.341,110,194,.567,.536,128,149,.859,31,149,180,174,45,19,90,98,609,0,,grimequ01
113,Ajay Mitchell,23,OKC,SG,43,9,1129,222,456,.487,48,137,.350,174,319,.545,.539,114,131,.870,29,120,149,157,61,14,68,93,606,0,,mitchaj01
114,Mark Williams,24,PHO,C,50,46,1202,244,367,.665,1,1,1.000,243,366,.664,.666,117,152,.770,155,249,404,54,49,47,53,113,606,0,,willima07
115,Donovan Clingan,21,POR,C,52,52,1433,233,443,.526,51,159,.321,182,284,.641,.584,87,129,.674,244,353,597,107,24,75,55,121,604,0,,clingdo01
116,Sandro Mamukelashvili,26,TOR,C,53,11,1199,224,427,.525,75,196,.383,149,231,.645,.612,81,106,.764,81,187,268,103,40,32,47,104,604,0,,mamuksa01
117,Santi Aldama,25,MEM,PF,43,11,1198,228,476,.479,70,200,.350,158,276,.572,.553,76,114,.667,67,220,287,126,37,31,55,69,602,0,,aldamsa01
118,Julian Champagnie,24,SAS,SF,54,40,1508,192,455,.422,129,350,.369,63,105,.600,.564,88,104,.846,49,269,318,77,42,22,51,84,601,0,,champju02
119,Grayson Allen,30,PHO,SG,35,26,1059,197,471,.418,117,317,.369,80,154,.519,.542,85,101,.842,25,81,106,140,50,10,59,79,596,0,,allengr01
120,Franz Wagner,24,ORL,SF,28,26,891,205,428,.479,42,115,.365,163,313,.521,.528,144,174,.828,41,120,161,101,30,9,48,63,596,0,,wagnefr01
121,Rudy Gobert,33,MIN,C,54,54,1689,241,343,.703,0,2,.000,241,341,.707,.703,111,221,.502,202,400,602,90,40,87,71,143,593,0,,goberru01
122,Wendell Carter Jr.,26,ORL,C,51,51,1506,210,427,.492,57,172,.331,153,255,.600,.559,115,145,.793,108,267,375,106,41,35,61,182,592,0,,cartewe01
123,Cam Spencer,25,MEM,SG,51,14,1229,194,407,.477,110,246,.447,84,161,.522,.612,94,101,.931,25,111,136,287,36,5,76,74,592,0,,spencca01
124,Kel'el Ware,21,MIA,C,52,29,1162,236,444,.532,60,149,.403,176,295,.597,.599,57,73,.781,156,324,480,29,40,54,46,84,589,0,,wareke01
125,Brandon Williams,26,DAL,PG,46,12,1012,207,444,.466,25,113,.221,182,331,.550,.494,143,183,.781,24,109,133,169,48,9,89,74,582,0,,willibr03
126,Devin Vassell,25,SAS,SG,41,39,1264,207,490,.422,96,271,.354,111,219,.507,.520,68,80,.850,19,139,158,95,35,17,37,70,578,0,,vassede01
127,RJ Barrett,25,TOR,SF,31,31,914,208,432,.481,54,158,.342,154,274,.562,.544,105,149,.705,29,133,162,111,25,9,54,74,575,0,,barrerj01
128,Ace Bailey,19,UTA,SF,49,38,1291,233,518,.450,73,215,.340,160,303,.528,.520,34,48,.708,77,112,189,84,39,23,63,125,573,0,,baileac01
129,Harrison Barnes,33,SAS,PF,54,49,1501,195,439,.444,102,272,.375,93,167,.557,.560,80,95,.842,46,115,161,113,36,11,50,67,572,0,,barneha02
130,Royce O'Neale,32,PHO,SF,55,50,1614,198,467,.424,154,380,.405,44,87,.506,.589,19,28,.679,39,227,266,160,65,15,84,124,569,0,,onealro01
131,Jarace Walker,22,IND,PF,54,19,1297,195,483,.404,86,236,.364,109,247,.441,.493,92,118,.780,28,213,241,107,42,19,89,91,568,0,,walkeja02
132,Klay Thompson,35,DAL,SF,49,8,1083,200,516,.388,140,373,.375,60,143,.420,.523,27,37,.730,14,105,119,67,25,15,48,50,567,0,,thompkl01
133,Jock Landale,30,2TM,C,49,26,1146,220,417,.528,57,143,.399,163,274,.595,.596,64,97,.660,151,161,312,81,26,26,49,110,561,0,,landajo01
133,Jock Landale,30,MEM,C,45,25,1060,200,389,.514,49,129,.380,151,260,.581,.577,60,89,.674,141,151,292,75,25,22,46,102,509,0,,landajo01
133,Jock Landale,30,ATL,C,4,1,86,20,28,.714,8,14,.571,12,14,.857,.857,4,8,.500,10,10,20,6,1,4,3,8,52,0,,landajo01
134,P.J. Washington,27,DAL,PF,39,36,1197,208,465,.447,48,158,.304,160,307,.521,.499,87,129,.674,53,219,272,73,38,51,78,88,551,0,,washipj01
135,Coby White,25,CHI,SG,29,26,843,172,393,.438,72,208,.346,100,185,.541,.529,124,154,.805,7,101,108,136,20,2,88,71,540,0,,whiteco01
136,Dennis Schröder,32,2TM,PG,44,14,1135,183,457,.400,59,181,.326,124,276,.449,.465,115,140,.821,22,110,132,226,37,7,84,71,540,0,,schrode01
136,Dennis Schröder,32,SAC,PG,40,14,1056,172,422,.408,57,166,.343,115,256,.449,.475,109,133,.820,22,100,122,211,32,6,79,66,510,0,,schrode01
136,Dennis Schröder,32,CLE,PG,4,0,79,11,35,.314,2,15,.133,9,20,.450,.343,6,7,.857,0,10,10,15,5,1,5,5,30,0,,schrode01
137,Bub Carrington,20,WAS,PG,53,24,1483,187,465,.402,110,280,.393,77,185,.416,.520,54,71,.761,23,164,187,242,33,11,127,117,538,0,,carrica01
138,Kyle Filipowski,22,UTA,C,55,19,1216,197,405,.486,46,138,.333,151,267,.566,.543,94,132,.712,97,269,366,112,46,22,77,158,534,0,,filipky01
139,Rui Hachimura,27,LAL,PF,44,31,1314,209,409,.511,80,179,.447,129,230,.561,.609,36,49,.735,26,129,155,40,24,13,34,69,534,0,,hachiru01
140,Malik Monk,27,SAC,SG,43,0,953,190,436,.436,89,209,.426,101,227,.445,.538,64,73,.877,12,75,87,110,28,17,62,68,533,0,,monkma01
141,Josh Hart,30,NYK,SF,43,29,1314,196,394,.497,68,167,.407,128,227,.564,.584,63,85,.741,63,264,327,225,51,14,86,110,523,2,,hartjo01
142,A.J. Green,26,MIL,SG,49,49,1480,172,391,.440,151,350,.431,21,41,.512,.633,27,34,.794,12,116,128,99,27,5,41,115,522,0,,greenaj01
143,Bennedict Mathurin,23,2TM,SF,30,24,948,162,381,.425,59,161,.366,103,220,.468,.503,139,157,.885,25,136,161,70,23,5,65,81,522,0,,mathube01
143,Bennedict Mathurin,23,IND,SF,28,24,891,155,358,.433,58,156,.372,97,202,.480,.514,129,146,.884,22,129,151,63,17,4,64,76,497,0,,mathube01
143,Bennedict Mathurin,23,LAC,SF,2,0,57,7,23,.304,1,5,.200,6,18,.333,.326,10,11,.909,3,7,10,7,6,1,1,5,25,0,,mathube01
144,Tre Johnson,19,WAS,SG,40,22,999,186,423,.440,85,220,.386,101,203,.498,.540,58,65,.892,21,88,109,86,26,13,56,73,515,0,,johnstr03
145,Jake LaRavia,24,LAL,PF,54,33,1450,181,389,.465,61,187,.326,120,202,.594,.544,88,115,.765,75,143,218,104,72,26,64,122,511,0,,laravja01
146,Caleb Love,24,POR,SG,45,1,999,189,485,.390,93,290,.321,96,195,.492,.486,36,49,.735,25,89,114,122,27,4,61,47,507,0,,loveca01
147,Ausar Thompson,23,DET,SF,49,48,1261,206,403,.511,6,20,.300,200,383,.522,.519,83,143,.580,108,185,293,132,92,41,71,139,501,0,,thompau01
148,Isaiah Collier,21,UTA,PG,48,12,1225,186,365,.510,22,75,.293,164,290,.566,.540,105,152,.691,19,106,125,356,48,14,120,115,499,0,,colliis01
149,Tobias Harris,33,DET,PF,37,37,1033,179,393,.455,52,147,.354,127,246,.516,.522,87,99,.879,35,146,181,86,31,9,40,66,497,0,,harrito02
150,Neemias Queta,26,BOS,C,51,50,1280,211,330,.639,0,5,.000,211,325,.649,.639,75,112,.670,153,269,422,77,45,66,57,148,497,0,,quetane01
151,Egor Dёmin,19,BRK,PG,46,39,1151,165,406,.406,116,293,.396,49,113,.434,.549,50,58,.862,21,123,144,152,37,14,82,82,496,0,,demineg01
152,Kevin Huerter,27,2TM,SF,48,11,1085,192,423,.454,71,232,.306,121,191,.634,.538,41,56,.732,25,151,176,119,38,27,51,90,496,0,,huertke01
152,Kevin Huerter,27,CHI,SF,44,11,1037,184,404,.455,70,223,.314,114,181,.630,.542,41,56,.732,23,146,169,116,35,26,49,85,479,0,,huertke01
152,Kevin Huerter,27,DET,SG,4,0,48,8,19,.421,1,9,.111,7,10,.700,.447,0,0,,2,5,7,3,3,1,2,5,17,0,,huertke01
153,Isaiah Joe,26,OKC,SG,47,3,993,153,347,.441,114,275,.415,39,72,.542,.605,75,85,.882,22,96,118,66,29,9,29,82,495,0,,joeis01
154,Kevin Porter Jr.,25,MIL,PG,28,26,943,171,382,.448,40,124,.323,131,258,.508,.500,103,118,.873,24,122,146,213,61,12,90,60,485,2,,porteke02
155,Isaiah Stewart,24,DET,C,48,13,1116,183,339,.540,34,106,.321,149,233,.639,.590,79,104,.760,78,169,247,55,13,82,56,143,479,0,,stewais01
156,Jay Huff,27,IND,C,55,31,1101,176,375,.469,75,238,.315,101,137,.737,.569,49,58,.845,52,158,210,71,31,106,43,135,476,0,,huffja01
157,Vit Krejci,25,2TM,PG,52,8,1159,165,356,.463,112,273,.410,53,83,.639,.621,31,41,.756,23,85,108,80,42,16,32,119,473,0,,krejcvi01
157,Vit Krejci,25,ATL,PG,46,8,1028,143,308,.464,101,239,.423,42,69,.609,.628,27,36,.750,19,78,97,68,37,13,30,108,414,0,,krejcvi01
157,Vit Krejci,25,POR,PG,6,0,131,22,48,.458,11,34,.324,11,14,.786,.573,4,5,.800,4,7,11,12,5,3,2,11,59,0,,krejcvi01
158,Maxime Raynaud,22,SAC,C,48,30,1127,200,362,.552,11,41,.268,189,321,.589,.568,61,81,.753,83,235,318,49,24,23,47,115,472,0,,raynama01
159,Tre Jones,26,CHI,PG,38,20,1020,166,302,.550,21,64,.328,145,238,.609,.584,117,138,.848,24,89,113,222,50,7,52,53,470,0,,jonestr01
160,Dylan Harper,19,SAS,SG,43,0,933,189,405,.467,27,107,.252,162,298,.544,.500,63,84,.750,29,116,145,158,36,15,58,79,468,0,,harpedy01
161,Darius Garland,26,CLE,PG,26,26,792,170,377,.451,59,164,.360,111,213,.521,.529,68,79,.861,12,51,63,180,21,3,73,48,467,0,,garlada01
162,Jordan Clarkson,33,NYK,SG,51,1,963,173,401,.431,62,186,.333,111,215,.516,.509,57,72,.792,41,48,89,67,21,8,53,92,465,0,,clarkjo01
163,Jalen Suggs,24,ORL,PG,33,33,880,164,370,.443,64,197,.325,100,173,.578,.530,72,85,.847,24,108,132,182,66,25,83,91,464,1,,suggsja01
164,Sam Hauser,28,BOS,PF,51,23,1227,160,391,.409,132,337,.392,28,54,.519,.578,11,12,.917,34,158,192,71,31,17,27,74,463,0,,hausesa01
165,Simone Fontecchio,30,MIA,SF,53,5,931,149,381,.391,95,266,.357,54,115,.470,.516,69,83,.831,45,131,176,82,29,9,42,81,462,0,,fontesi01
166,Pelle Larsson,24,MIA,SG,45,32,1077,165,333,.495,42,126,.333,123,207,.594,.559,89,116,.767,36,114,150,148,29,10,50,83,461,0,,larsspe01
167,Jordan Goodwin,27,PHO,PG,52,4,1154,173,427,.405,80,228,.351,93,199,.467,.499,29,41,.707,99,147,246,119,78,11,53,97,455,0,,goodwjo01
168,Jalen Williams,24,OKC,SG,26,26,755,175,365,.479,20,64,.313,155,301,.515,.507,85,102,.833,17,104,121,141,33,9,50,54,455,0,,willija06
169,Miles McBride,25,NYK,SG,35,14,981,157,362,.434,102,243,.420,55,119,.462,.575,35,43,.814,22,69,91,97,30,6,28,64,451,0,,mcbrimi01
170,Jusuf Nurkić,31,UTA,C,41,36,1083,180,358,.503,25,71,.352,155,287,.540,.538,62,113,.549,106,319,425,196,52,22,101,134,447,3,,nurkiju01
171,Kelly Oubre Jr.,30,PHI,SF,32,27,1045,160,341,.469,58,158,.367,102,183,.557,.554,67,90,.744,29,122,151,51,40,20,42,81,445,0,,oubreke01
172,Zaccharie Risacher,20,ATL,SF,42,42,1018,172,383,.449,64,182,.352,108,201,.537,.533,35,58,.603,36,109,145,56,38,22,40,92,443,0,,risacza01
173,Jalen Smith,25,CHI,C,43,12,868,160,328,.488,66,174,.379,94,154,.610,.588,51,71,.718,81,217,298,54,19,33,40,85,437,0,,smithja04
174,Aaron Nesmith,26,IND,SF,32,29,977,144,370,.389,76,205,.371,68,165,.412,.492,70,86,.814,42,110,152,68,21,18,46,86,434,0,,nesmiaa01
175,Day'Ron Sharpe,24,BRK,C,51,4,944,168,275,.611,7,32,.219,161,243,.663,.624,91,134,.679,140,204,344,116,56,21,82,118,434,0,,sharpda01
176,Marcus Smart,31,LAL,SG,44,37,1250,141,351,.402,69,210,.329,72,141,.511,.500,82,99,.828,30,101,131,127,55,16,72,114,433,0,,smartma01
177,Aaron Wiggins,27,OKC,SG,41,15,974,161,363,.444,75,194,.387,86,169,.509,.547,36,49,.735,25,117,142,75,40,23,55,59,433,0,,wiggiaa01
178,Kris Dunn,31,LAC,PG,54,48,1483,161,337,.478,58,156,.372,103,181,.569,.564,51,65,.785,41,115,156,185,80,8,75,132,431,0,,dunnkr01
179,Paul George,35,PHI,PF,27,27,824,150,354,.424,66,173,.382,84,181,.464,.517,65,76,.855,14,125,139,100,40,13,44,60,431,0,,georgpa01
180,Kentavious Caldwell-Pope,32,MEM,SG,51,14,1088,150,366,.410,55,174,.316,95,192,.495,.485,73,80,.913,20,105,125,139,43,8,61,57,428,0,,caldwke01
181,Cason Wallace,22,OKC,SG,53,43,1419,163,384,.424,71,204,.348,92,180,.511,.517,31,42,.738,44,118,162,119,109,15,48,103,428,0,,wallaca01
182,Cam Thomas,24,2TM,SG,27,8,640,141,346,.408,43,130,.331,98,216,.454,.470,100,117,.855,9,40,49,79,4,2,53,32,425,0,,thomaca02
182,Cam Thomas,24,BRK,SG,24,8,582,123,308,.399,38,117,.325,85,191,.445,.461,91,108,.843,9,34,43,74,4,2,48,31,375,0,,thomaca02
182,Cam Thomas,24,MIL,SG,3,0,58,18,38,.474,5,13,.385,13,25,.520,.539,9,9,1.000,0,6,6,5,0,0,5,1,50,0,,thomaca02
183,Jrue Holiday,35,POR,PG,27,25,763,157,346,.454,64,171,.374,93,175,.531,.546,46,58,.793,42,85,127,175,33,3,71,46,424,0,,holidjr01
184,Quinten Post,25,GSW,PF,55,32,936,157,358,.439,82,234,.350,75,124,.605,.553,26,32,.813,52,157,209,75,23,26,40,106,422,0,,postqu01
185,Sam Merrill,29,CLE,SG,31,22,786,138,285,.484,109,231,.472,29,54,.537,.675,36,41,.878,21,50,71,70,19,5,29,81,421,0,,merrisa01
186,Marvin Bagley III,26,2TM,PF,41,8,800,167,271,.616,9,21,.429,158,250,.632,.633,74,110,.673,109,131,240,60,22,31,45,84,417,0,,baglema01
186,Marvin Bagley III,26,WAS,PF,38,8,731,154,246,.626,8,19,.421,146,227,.643,.642,69,97,.711,97,119,216,56,20,27,44,78,385,0,,baglema01
186,Marvin Bagley III,26,DAL,PF,3,0,69,13,25,.520,1,2,.500,12,23,.522,.540,5,13,.385,12,12,24,4,2,4,1,6,32,0,,baglema01
187,Davion Mitchell,27,MIA,PG,46,46,1329,163,348,.468,55,137,.401,108,211,.512,.547,35,53,.660,17,96,113,324,51,6,75,125,416,0,,mitchda01
188,Bruce Brown,29,DEN,SG,55,2,1371,159,344,.462,31,88,.352,128,256,.500,.507,64,83,.771,65,156,221,116,58,15,56,135,413,0,,brownbr01
189,Tristan Da Silva,24,ORL,SF,48,14,1072,155,363,.427,69,189,.365,86,174,.494,.522,32,38,.842,32,124,156,57,41,13,40,62,411,0,,dasiltr01
190,Moussa Diabaté,24,CHO,C,50,24,1258,160,253,.632,1,2,.500,159,251,.633,.634,90,136,.662,183,248,431,78,33,49,46,121,411,0,,diabamo01
191,Isaac Okoro,25,CHI,SG,46,46,1196,150,322,.466,48,148,.324,102,174,.586,.540,60,76,.789,50,72,122,71,31,23,30,115,408,0,,okorois01
192,Anthony Davis,32,DAL,PF,20,20,626,169,334,.506,10,37,.270,159,297,.535,.521,59,81,.728,62,159,221,56,22,33,41,42,407,0,,davisan02
193,Aaron Gordon,30,DEN,PF,23,20,642,139,273,.509,42,105,.400,97,168,.577,.586,86,109,.789,30,112,142,58,16,4,24,38,406,0,,gordoaa01
194,Svi Mykhailiuk,28,UTA,SF,45,41,1071,151,316,.478,81,204,.397,70,112,.625,.606,23,25,.920,30,83,113,85,23,3,38,61,406,0,,mykhasv01
195,Jordan Poole,26,NOP,PG,28,6,710,125,338,.370,71,211,.336,54,127,.425,.475,85,97,.876,6,45,51,86,19,9,53,67,406,0,,poolejo01
196,Luke Kennard,29,2TM,SG,50,1,1040,144,264,.545,79,160,.494,65,104,.625,.695,37,40,.925,22,89,111,107,36,5,35,61,404,0,,kennalu01
196,Luke Kennard,29,ATL,SG,46,0,944,129,240,.538,74,149,.497,55,91,.604,.692,32,35,.914,19,80,99,96,33,5,32,53,364,0,,kennalu01
196,Luke Kennard,29,LAL,SG,4,1,96,15,24,.625,5,11,.455,10,13,.769,.729,5,5,1.000,3,9,12,11,3,0,3,8,40,0,,kennalu01
197,Ron Holland,20,DET,SF,49,5,1016,145,351,.413,30,131,.229,115,220,.523,.456,78,99,.788,52,161,213,70,67,18,66,109,398,0,,hollaro01
198,Draymond Green,35,GSW,PF,46,46,1229,143,343,.417,70,214,.327,73,129,.566,.519,41,58,.707,34,230,264,237,39,29,127,141,397,0,,greendr01
199,Jonas Valančiūnas,33,DEN,C,43,4,627,157,272,.577,5,18,.278,152,254,.598,.586,73,96,.760,70,155,225,55,9,28,52,97,392,0,,valanjo01
200,Luguentz Dort,26,OKC,SF,45,45,1246,138,347,.398,86,246,.350,52,101,.515,.522,28,36,.778,39,132,171,55,39,21,36,131,390,0,,dortlu01
201,Gary Trent Jr.,27,MIL,SG,47,17,1108,133,346,.384,92,253,.364,41,93,.441,.517,32,41,.780,6,46,52,69,27,3,26,63,390,0,,trentga02
202,Justin Champagnie,24,WAS,SF,50,14,965,149,298,.500,35,109,.321,114,189,.603,.559,56,74,.757,109,179,288,55,40,29,32,77,389,0,,champju01
203,Ja Morant,26,MEM,PG,20,20,569,132,322,.410,20,85,.235,112,237,.473,.441,105,117,.897,8,57,65,161,20,6,71,40,389,0,,moranja01
204,T.J. McConnell,33,IND,PG,40,0,680,178,330,.539,12,38,.316,166,292,.568,.558,15,16,.938,17,71,88,192,45,8,49,49,383,0,,mccontj01
205,Tari Eason,24,HOU,PF,31,17,788,143,317,.451,69,150,.460,74,167,.443,.560,23,35,.657,60,130,190,45,40,17,48,69,378,0,,easonta01
206,Jamal Shead,23,TOR,PG,55,7,1225,127,350,.363,61,190,.321,66,160,.413,.450,60,79,.759,18,86,104,297,54,9,78,110,375,0,,sheadja01
207,Khris Middleton,34,2TM,SF,36,34,869,135,316,.427,35,106,.330,100,210,.476,.483,67,79,.848,31,109,140,114,26,9,59,91,372,0,,middlkh01
207,Khris Middleton,34,WAS,SF,34,34,827,130,300,.433,33,99,.333,97,201,.483,.488,58,69,.841,30,104,134,111,26,9,57,86,351,0,,middlkh01
207,Khris Middleton,34,DAL,SF,2,0,42,5,16,.313,2,7,.286,3,9,.333,.375,9,10,.900,1,5,6,3,0,0,2,5,21,0,,middlkh01
208,Javonte Green,32,DET,SG,53,4,979,123,276,.446,56,156,.359,67,120,.558,.547,69,86,.802,42,103,145,39,70,16,35,74,371,0,,greenja02
209,Ziaire Williams,24,BRK,SF,38,5,873,120,288,.417,63,195,.323,57,93,.613,.526,67,78,.859,21,78,99,31,46,19,40,78,370,0,,willizi02
210,Dominick Barlow,22,PHI,PF,43,36,1032,146,262,.557,18,63,.286,128,199,.643,.592,57,74,.770,96,119,215,52,42,26,35,86,367,0,,barlodo01
211,Jose Alvarado,27,2TM,PG,44,0,958,131,310,.423,80,215,.372,51,95,.537,.552,24,30,.800,16,104,120,139,44,5,51,89,366,0,,alvarjo01
211,Jose Alvarado,27,NOP,PG,41,0,896,117,280,.418,70,193,.363,47,87,.540,.543,20,24,.833,16,98,114,128,37,4,47,80,324,0,,alvarjo01
211,Jose Alvarado,27,NYK,PG,3,0,62,14,30,.467,10,22,.455,4,8,.500,.633,4,6,.667,0,6,6,11,7,1,4,9,42,0,,alvarjo01
212,Gradey Dick,22,TOR,SG,55,1,885,125,295,.424,48,153,.314,77,142,.542,.505,62,71,.873,35,85,120,37,36,5,32,79,360,0,,dickgr01
213,Cameron Johnson,29,DEN,SF,31,31,942,125,266,.470,59,135,.437,66,131,.504,.581,47,58,.810,21,91,112,69,21,8,28,73,356,0,,johnsca02
214,Daniss Jenkins,24,DET,PG,44,7,742,127,299,.425,43,113,.381,84,186,.452,.497,58,73,.795,26,57,83,140,40,7,58,62,355,0,,jenkida01
215,Buddy Hield,33,2TM,SG,45,3,773,130,301,.432,67,196,.342,63,105,.600,.543,27,34,.794,26,82,108,66,37,9,43,56,354,0,,hieldbu01
215,Buddy Hield,33,GSW,SG,44,3,768,130,300,.433,67,195,.344,63,105,.600,.545,27,34,.794,26,82,108,66,37,9,42,56,354,0,,hieldbu01
215,Buddy Hield,33,ATL,SG,1,0,5,0,1,.000,0,1,.000,0,0,,.000,0,0,,0,0,0,0,0,0,1,0,0,0,,hieldbu01
216,Ryan Kalkbrenner,24,CHO,C,43,27,986,150,198,.758,0,2,.000,150,196,.765,.758,54,80,.675,106,151,257,28,27,64,45,73,354,0,,kalkbry01
217,Patrick Williams,24,CHI,PF,51,3,979,126,327,.385,68,176,.386,58,151,.384,.489,33,48,.688,38,112,150,66,33,15,47,65,353,0,,willipa01
218,Luka Garza,27,BOS,C,45,4,750,127,218,.583,32,73,.438,95,145,.655,.656,63,81,.778,107,81,188,46,19,21,25,107,349,0,,garzalu01
219,Terance Mann,29,BRK,SG,46,42,1163,128,284,.451,39,114,.342,89,170,.524,.519,52,64,.813,54,96,150,157,34,11,54,115,347,0,,mannte01
220,Precious Achiuwa,26,SAC,C,48,32,973,144,288,.500,16,54,.296,128,234,.547,.528,39,74,.527,90,171,261,55,40,26,32,79,343,0,,achiupr01
221,Bones Hyland,25,MIN,PG,47,3,696,124,266,.466,63,164,.384,61,102,.598,.585,32,45,.711,15,64,79,123,26,10,41,82,343,0,,hylanbo01
222,Nique Clifford,23,SAC,SG,52,10,1107,128,326,.393,44,139,.317,84,187,.449,.460,42,59,.712,42,120,162,86,35,17,62,100,342,0,,cliffni01
223,Collin Murray-Boyles,20,TOR,PF,43,19,953,142,257,.553,16,46,.348,126,211,.597,.584,39,61,.639,104,110,214,89,39,38,50,110,339,0,,murraco01
224,Nikola Jović,22,MIA,PF,44,1,789,113,305,.370,44,162,.272,69,143,.483,.443,68,99,.687,25,127,152,99,26,17,65,63,338,0,,jovicni01
225,Dru Smith,28,MIA,SG,55,1,948,113,275,.411,35,114,.307,78,161,.484,.475,77,92,.837,48,95,143,152,81,17,47,84,338,0,,smithdr01
226,Corey Kispert,26,2TM,SF,35,8,714,115,248,.464,54,149,.362,61,99,.616,.573,51,62,.823,13,71,84,60,14,5,29,37,335,0,,kispeco01
226,Corey Kispert,26,WAS,SF,19,2,370,59,119,.496,30,76,.395,29,43,.674,.622,26,34,.765,6,38,44,32,8,3,14,20,174,0,,kispeco01
226,Corey Kispert,26,ATL,SF,16,6,344,56,129,.434,24,73,.329,32,56,.571,.527,25,28,.893,7,33,40,28,6,2,15,17,161,0,,kispeco01
227,De'Anthony Melton,27,GSW,PG,28,4,609,117,276,.424,39,132,.295,78,144,.542,.495,54,66,.818,15,63,78,66,44,11,48,62,327,0,,meltode01
228,Danny Wolf,21,BRK,PF,39,8,786,119,294,.405,45,138,.326,74,156,.474,.481,44,56,.786,42,142,184,77,22,19,42,76,327,0,,wolfda01
229,Walter Clayton,22,2TM,PG,47,0,861,110,275,.400,45,151,.298,65,124,.524,.482,60,64,.938,15,80,95,154,28,12,62,81,325,0,,claytwa01
229,Walter Clayton,22,UTA,PG,45,0,811,102,256,.398,44,143,.308,58,113,.513,.484,58,62,.935,15,73,88,143,24,12,57,78,306,0,,claytwa01
229,Walter Clayton,22,MEM,PG,2,0,50,8,19,.421,1,8,.125,7,11,.636,.447,2,2,1.000,0,7,7,11,4,0,5,3,19,0,,claytwa01
230,Sidy Cissoko,21,POR,SF,50,24,1114,109,267,.408,54,165,.327,55,102,.539,.509,52,74,.703,51,79,130,76,38,16,54,135,324,0,,cissosi01
231,Luke Kornet,30,SAS,C,44,22,1006,129,197,.655,0,0,,129,197,.655,.655,65,82,.793,133,160,293,86,21,54,19,84,323,0,,kornelu01
232,Will Richard,23,GSW,SG,49,15,937,116,247,.470,54,154,.351,62,93,.667,.579,37,45,.822,48,73,121,67,57,5,41,90,323,0,,richawi02
233,Bilal Coulibaly,21,WAS,SG,33,33,884,106,269,.394,29,111,.261,77,158,.487,.448,81,106,.764,29,117,146,83,47,30,50,89,322,0,,coulibi01
234,Brook Lopez,37,LAC,C,47,12,874,111,288,.385,69,198,.348,42,90,.467,.505,29,34,.853,16,108,124,46,25,50,38,81,320,0,,lopezbr01
235,Isaiah Hartenstein,27,OKC,C,30,29,772,134,211,.635,0,5,.000,134,206,.650,.635,50,77,.649,98,192,290,107,31,20,63,81,318,1,,harteis01
236,Kobe Sanders,23,LAC,SG,46,11,972,115,264,.436,47,127,.370,68,137,.496,.525,40,50,.800,23,95,118,79,26,6,62,98,317,0,,sandeko01
237,Jaden Ivey,23,2TM,SG,37,5,670,114,256,.445,50,134,.373,64,122,.525,.543,38,47,.809,24,67,91,68,23,14,41,53,316,0,,iveyja01
237,Jaden Ivey,23,DET,SG,33,2,555,99,220,.450,42,113,.372,57,107,.533,.545,30,38,.789,19,53,72,52,15,12,35,44,270,0,,iveyja01
237,Jaden Ivey,23,CHI,SG,4,3,115,15,36,.417,8,21,.381,7,15,.467,.528,8,9,.889,5,14,19,16,8,2,6,9,46,0,,iveyja01
238,Will Riley,19,WAS,SF,45,2,747,113,274,.412,36,110,.327,77,164,.470,.478,51,66,.773,36,65,101,64,27,5,40,39,313,0,,rileywi01
239,Jaxson Hayes,25,LAL,C,45,7,796,129,167,.772,2,2,1.000,127,165,.770,.778,50,78,.641,65,110,175,43,19,28,24,91,310,0,,hayesja02
240,Sion James,23,CHO,SG,55,18,1316,95,251,.378,54,148,.365,41,103,.398,.486,65,76,.855,31,158,189,107,30,17,50,100,309,0,,jamessi01
241,Daniel Gafford,27,DAL,C,38,28,814,117,185,.632,0,0,,117,185,.632,.632,71,94,.755,81,166,247,35,29,51,50,100,305,0,,gaffoda01
242,Oso Ighodaro,23,PHO,PF,55,7,1102,135,214,.631,0,1,.000,135,213,.634,.631,35,71,.493,84,166,250,99,51,33,68,139,305,0,,ighodos01
243,Jordan Miller,26,LAC,SF,33,0,652,103,201,.512,25,70,.357,78,131,.595,.575,70,89,.787,31,75,106,54,23,5,39,32,301,0,,millejo02
244,Domantas Sabonis,29,SAC,C,19,15,564,120,221,.543,5,27,.185,115,194,.593,.554,56,77,.727,64,152,216,78,18,4,51,66,301,0,,sabondo01
245,GG Jackson II,21,MEM,PF,33,8,616,110,228,.482,33,101,.327,77,127,.606,.555,43,58,.741,19,100,119,40,22,21,33,53,296,0,,jacksgg01
246,Herbert Jones,27,NOP,SF,33,33,949,109,278,.392,44,144,.306,65,134,.485,.471,31,40,.775,30,88,118,87,53,16,44,105,293,0,,joneshe01
247,Vince Williams Jr.,25,2TM,PG,38,12,789,101,281,.359,53,169,.314,48,112,.429,.454,37,46,.804,38,111,149,161,28,16,67,76,292,0,,willivi01
247,Vince Williams Jr.,25,MEM,PG,34,12,736,93,264,.352,49,159,.308,44,105,.419,.445,37,46,.804,34,102,136,150,27,14,63,71,272,0,,willivi01
247,Vince Williams Jr.,25,UTA,SG,4,0,53,8,17,.471,4,10,.400,4,7,.571,.588,0,0,,4,9,13,11,1,2,4,5,20,0,,willivi01
248,Kristaps Porziņģis,30,ATL,C,17,12,413,96,210,.457,31,86,.360,65,124,.524,.531,68,81,.840,21,66,87,46,9,22,16,54,291,0,,porzikr01
249,Ryan Dunn,23,PHO,SF,48,11,934,115,261,.441,39,120,.325,76,141,.539,.515,20,34,.588,69,127,196,74,42,20,45,102,289,0,,dunnry01
250,Nae'Qwan Tomlin,25,CLE,PF,44,2,750,116,238,.487,19,87,.218,97,151,.642,.527,38,51,.745,62,76,138,41,34,28,17,92,289,0,,tomlina01
251,Landry Shamet,28,NYK,SG,30,9,658,94,211,.445,65,154,.422,29,57,.509,.600,34,47,.723,15,42,57,46,15,6,13,42,287,0,,shamela01
252,Ben Sheppard,24,IND,SG,44,14,939,101,252,.401,55,159,.346,46,93,.495,.510,27,35,.771,25,112,137,80,22,4,25,76,284,0,,sheppbe01
253,Jared McCain,21,2TM,SG,41,1,694,102,260,.392,51,133,.383,51,127,.402,.490,27,31,.871,10,77,87,66,24,2,36,48,282,0,,mccaija01
253,Jared McCain,21,PHI,SG,37,1,620,89,231,.385,45,119,.378,44,112,.393,.483,22,25,.880,6,69,75,62,22,2,30,43,245,0,,mccaija01
253,Jared McCain,21,OKC,SG,4,0,74,13,29,.448,6,14,.429,7,15,.467,.552,5,6,.833,4,8,12,4,2,0,6,5,37,0,,mccaija01
254,Ja'Kobe Walter,21,TOR,SG,45,10,827,97,226,.429,50,143,.350,47,83,.566,.540,36,45,.800,31,67,98,45,41,8,25,92,280,0,,walteja01
255,Caris LeVert,31,DET,SG,36,0,706,101,234,.432,39,114,.342,62,120,.517,.515,38,56,.679,12,53,65,102,33,23,46,57,279,0,,leverca01
256,Keegan Murray,25,SAC,PF,19,18,683,111,259,.429,25,92,.272,86,167,.515,.477,30,38,.789,30,86,116,29,23,30,22,37,277,0,,murrake02
257,Andre Drummond,32,PHI,C,40,19,790,109,217,.502,19,51,.373,90,166,.542,.546,39,62,.629,135,209,344,34,22,35,40,78,276,0,,drumman01
258,Spencer Jones,24,DEN,SF,46,34,1086,99,196,.505,48,116,.414,51,80,.638,.628,28,45,.622,51,92,143,38,42,20,26,129,274,0,,jonessp01
259,Josh Okogie,27,HOU,SG,52,29,1021,96,219,.438,47,121,.388,49,98,.500,.546,33,55,.600,62,84,146,46,48,12,35,85,272,0,,okogijo01
260,Jordan Walsh,21,BOS,PF,48,20,886,102,199,.513,32,86,.372,70,113,.619,.593,35,45,.778,71,137,208,41,41,23,25,107,271,0,,walshjo01
261,Tyrese Martin,26,BRK,SG,37,6,696,100,255,.392,51,152,.336,49,103,.476,.492,19,26,.731,32,74,106,69,22,4,33,30,270,0,,martity01
262,D'Angelo Russell,29,DAL,PG,26,3,495,94,232,.405,33,112,.295,61,120,.508,.476,43,60,.717,8,53,61,104,12,2,49,30,264,0,,russeda01
263,Yves Missi,21,NOP,C,47,7,907,113,210,.538,0,1,.000,113,209,.541,.538,37,65,.569,137,128,265,57,15,64,36,81,263,0,,missiyv01
264,Gary Payton II,33,GSW,SG,50,1,654,117,220,.532,21,68,.309,96,152,.632,.580,8,14,.571,58,98,156,78,31,17,43,81,263,0,,paytoga02
265,Mouhamed Gueye,23,ATL,PF,53,5,862,101,227,.445,28,97,.289,73,130,.562,.507,32,51,.627,67,129,196,52,43,28,28,91,262,0,,gueyemo02
266,Drake Powell,20,BRK,SG,42,9,802,90,209,.431,32,107,.299,58,102,.569,.507,49,55,.891,13,58,71,65,21,7,42,60,261,0,,poweldr01
267,Jaylin Williams,23,OKC,PF,41,8,792,82,217,.378,50,156,.321,32,61,.525,.493,45,59,.763,23,178,201,104,25,28,42,83,259,0,,willija07
268,Keon Ellis,26,2TM,SG,47,5,841,90,227,.396,58,159,.365,32,68,.471,.524,21,34,.618,17,51,68,33,53,25,25,75,259,0,,elliske01
268,Keon Ellis,26,SAC,SG,43,5,758,83,209,.397,53,144,.368,30,65,.462,.524,20,32,.625,15,40,55,26,46,22,21,69,239,0,,elliske01
268,Keon Ellis,26,CLE,SG,4,0,83,7,18,.389,5,15,.333,2,3,.667,.528,1,2,.500,2,11,13,7,7,3,4,6,20,0,,elliske01
269,Al Horford,39,GSW,C,34,5,702,96,224,.429,49,145,.338,47,79,.595,.538,17,19,.895,33,134,167,79,26,36,33,42,258,0,,horfoal01
270,Ryan Nembhard,22,DAL,PG,38,17,713,105,245,.429,33,87,.379,72,158,.456,.496,10,13,.769,8,60,68,186,10,1,55,52,253,0,,nembhry01
271,Bryce McGowens,23,NOP,SG,32,11,636,82,171,.480,29,64,.453,53,107,.495,.564,59,77,.766,10,52,62,48,19,5,15,63,252,0,,mcgowbr01
272,Gui Santos,23,GSW,PF,44,9,645,95,183,.519,37,100,.370,58,83,.699,.620,25,40,.625,37,92,129,65,30,14,42,70,252,0,,santogu01
273,Kenrich Williams,31,OKC,PF,36,2,581,97,190,.511,35,88,.398,62,102,.608,.603,22,35,.629,37,89,126,56,22,4,30,38,251,0,,willike04
274,Tristan Vukcevic,22,WAS,C,33,3,394,86,184,.467,20,73,.274,66,111,.595,.522,57,74,.770,20,61,81,36,10,23,38,44,249,0,,vukcetr01
275,Dean Wade,29,CLE,PF,43,22,980,85,204,.417,51,150,.340,34,54,.630,.542,27,36,.750,35,143,178,68,35,17,13,68,248,0,,wadede01
276,Cody Williams,21,UTA,SG,42,16,821,106,220,.482,16,69,.232,90,151,.596,.518,20,32,.625,36,61,97,39,27,18,26,76,248,0,,willico04
277,Isaiah Jackson,24,2TM,C,39,14,643,98,167,.587,0,1,.000,98,166,.590,.587,52,77,.675,86,126,212,31,26,29,43,108,248,0,,jacksis01
277,Isaiah Jackson,24,IND,C,38,14,638,96,165,.582,0,1,.000,96,164,.585,.582,51,74,.689,86,125,211,31,26,29,43,108,243,0,,jacksis01
277,Isaiah Jackson,24,LAC,C,1,0,5,2,2,1.000,0,0,,2,2,1.000,1.000,1,3,.333,0,1,1,0,0,0,0,0,5,0,,jacksis01
278,Pat Spencer,29,GSW,PG,39,8,609,95,218,.436,31,77,.403,64,141,.454,.507,26,34,.765,29,61,90,123,26,2,45,43,247,0,,spencpa01
279,Goga Bitadze,26,ORL,C,42,1,672,103,150,.687,2,10,.200,101,140,.721,.693,38,52,.731,88,124,212,49,30,49,22,88,246,0,,bitadgo01
280,Robert Williams,28,POR,C,38,1,620,109,145,.752,7,16,.438,102,129,.791,.776,20,28,.714,77,169,246,43,23,55,29,46,245,0,,williro04
281,Jaden Hardy,23,2TM,SG,35,4,443,81,201,.403,49,129,.380,32,72,.444,.525,33,42,.786,11,38,49,30,9,2,28,39,244,0,,hardyja02
281,Jaden Hardy,23,DAL,SG,34,4,428,78,194,.402,46,124,.371,32,70,.457,.521,31,40,.775,11,36,47,29,9,2,27,39,233,0,,hardyja02
281,Jaden Hardy,23,WAS,SG,1,0,15,3,7,.429,3,5,.600,0,2,.000,.643,2,2,1.000,0,2,2,1,0,0,1,0,11,0,,hardyja02
282,Tre Mann,24,CHO,PG,34,1,544,91,249,.365,43,130,.331,48,119,.403,.452,18,21,.857,20,58,78,73,17,4,45,57,243,0,,manntr01
283,Jonathan Kuminga,23,GSW,PF,20,13,476,88,194,.454,17,53,.321,71,141,.504,.497,49,66,.742,29,88,117,50,8,6,46,33,242,0,,kuminjo01
284,Tyler Herro,26,MIA,SG,11,10,349,90,181,.497,24,67,.358,66,114,.579,.564,37,41,.902,6,46,52,30,11,5,17,22,241,0,,herroty01
285,Paul Reed,26,DET,C,38,7,486,101,171,.591,10,26,.385,91,145,.628,.620,28,47,.596,70,91,161,48,35,25,37,61,240,0,,reedpa01
286,Cole Anthony,25,MIL,PG,35,0,527,98,231,.424,22,72,.306,76,159,.478,.472,16,26,.615,16,71,87,121,20,11,65,73,234,0,,anthoco01
287,Alex Caruso,31,OKC,SG,37,0,679,85,196,.434,39,120,.325,46,76,.605,.533,25,32,.781,19,79,98,75,50,13,29,44,234,0,,carusal01
288,Tyler Kolek,24,NYK,PG,48,1,636,93,220,.423,36,99,.364,57,121,.471,.505,12,18,.667,14,75,89,141,19,3,51,61,234,0,,kolekty01
289,Nolan Traoré,19,BRK,PG,31,8,650,84,209,.402,30,89,.337,54,120,.450,.474,33,43,.767,7,42,49,109,14,11,50,62,231,0,,traorno01
290,Craig Porter Jr.,25,CLE,PG,49,2,876,92,201,.458,26,69,.377,66,132,.500,.522,18,33,.545,67,101,168,155,50,30,43,56,228,0,,portecr01
291,Jarred Vanderbilt,26,LAL,PF,45,3,867,87,184,.473,24,79,.304,63,105,.600,.538,30,47,.638,65,160,225,60,44,16,46,83,228,0,,vandeja01
292,Nicolas Batum,37,LAC,PF,51,4,992,73,184,.397,69,175,.394,4,9,.444,.584,9,11,.818,19,115,134,42,37,19,34,79,224,0,,batumni01
293,Derrick Jones Jr.,28,LAC,SF,22,17,546,80,148,.541,28,70,.400,52,78,.667,.635,31,40,.775,17,39,56,27,19,24,17,44,219,0,,jonesde02
294,Quenton Jackson,27,IND,PG,26,10,414,71,148,.480,24,59,.407,47,89,.528,.561,50,65,.769,15,37,52,52,18,5,30,40,216,0,,jacksqu01
295,Jakob Poeltl,30,TOR,C,22,22,551,92,134,.687,0,0,,92,134,.687,.687,29,49,.592,59,109,168,45,16,11,34,68,213,0,,poeltja01
296,Jalen Pickett,26,DEN,SG,39,18,688,81,195,.415,40,107,.374,41,88,.466,.518,10,11,.909,18,84,102,99,13,4,28,38,212,0,,pickeja02
297,Karlo Matković,24,NOP,PF,43,2,556,88,146,.603,23,53,.434,65,93,.699,.682,10,17,.588,35,101,136,32,15,30,20,64,209,0,,matkoka01
298,Kris Murray,25,POR,SF,34,11,874,78,175,.446,20,78,.256,58,97,.598,.503,31,42,.738,61,75,136,42,40,14,31,68,207,0,,murrakr01
299,Thomas Bryant,28,CLE,C,39,0,408,73,143,.510,26,75,.347,47,68,.691,.601,32,38,.842,32,80,112,25,9,16,15,46,204,0,,bryanth01
300,Jaylen Clark,24,MIN,SG,53,0,711,73,171,.427,21,72,.292,52,99,.525,.488,37,59,.627,47,53,100,31,39,8,18,74,204,0,,clarkja02
301,Kevin Love,37,UTA,PF,29,5,500,65,163,.399,41,113,.363,24,50,.480,.525,31,37,.838,48,123,171,50,9,8,24,47,202,0,,loveke01
302,Julian Strawther,23,DEN,SG,32,4,441,70,155,.452,22,69,.319,48,86,.558,.523,40,51,.784,5,61,66,31,14,2,19,38,202,0,,strawju01
303,Tidjane Salaün,20,CHO,PF,32,0,512,73,142,.514,31,71,.437,42,71,.592,.623,24,34,.706,24,115,139,26,13,7,24,48,201,0,,salauti01
304,Aaron Holiday,29,HOU,PG,35,1,465,65,161,.404,42,108,.389,23,53,.434,.534,28,33,.848,6,24,30,34,16,4,21,47,200,0,,holidaa01
305,Micah Peavy,24,NOP,SG,46,1,693,84,220,.382,21,88,.239,63,132,.477,.430,11,15,.733,38,54,92,47,31,6,14,71,200,0,,peavymi01
306,Asa Newell,20,ATL,PF,39,1,442,79,147,.537,27,68,.397,52,79,.658,.629,14,25,.560,37,44,81,20,15,13,21,61,199,0,,newelas01
307,Trendon Watford,25,PHI,PF,32,5,530,79,155,.510,10,29,.345,69,126,.548,.542,31,43,.721,26,84,110,85,9,10,36,65,199,1,,watfotr01
308,Taylor Hendricks,22,2TM,PF,37,6,579,71,161,.441,29,86,.337,42,75,.560,.531,28,42,.667,32,85,117,29,18,8,24,52,199,0,,hendrta01
308,Taylor Hendricks,22,UTA,PF,33,6,492,58,128,.453,24,70,.343,34,58,.586,.547,23,32,.719,29,70,99,24,13,8,20,40,163,0,,hendrta01
308,Taylor Hendricks,22,MEM,PF,4,0,87,13,33,.394,5,16,.313,8,17,.471,.470,5,10,.500,3,15,18,5,5,0,4,12,36,0,,hendrta01
309,Jase Richardson,20,ORL,SG,39,0,471,73,155,.471,25,67,.373,48,88,.545,.552,27,37,.730,19,33,52,46,11,2,22,44,198,0,,richaja02
310,Dalton Knecht,24,LAL,SF,43,1,490,76,170,.447,30,98,.306,46,72,.639,.535,14,20,.700,13,52,65,15,9,9,19,40,196,0,,knechda01
311,Mike Conley,38,MIN,PG,44,9,812,56,174,.322,42,131,.321,14,43,.326,.443,41,46,.891,15,63,78,126,26,11,27,64,195,0,,conlemi01
312,Mitchell Robinson,27,NYK,C,39,14,766,83,119,.697,0,0,,83,119,.697,.697,29,71,.408,176,170,346,38,31,45,25,92,195,0,,robinmi01
313,Justin Edwards,22,PHI,SF,41,5,592,68,171,.398,37,110,.336,31,61,.508,.506,21,23,.913,18,45,63,44,28,8,24,64,194,0,,edwarju01
314,Cam Whitmore,21,WAS,SF,21,0,354,77,169,.456,16,56,.286,61,113,.540,.503,23,31,.742,19,39,58,15,15,8,18,25,193,0,,whitmca01
315,Trae Young,27,ATL,PG,10,10,280,56,135,.415,18,59,.305,38,76,.500,.481,63,73,.863,0,15,15,89,10,1,26,20,193,0,,youngtr01
316,Jamaree Bouyea,26,PHO,PG,28,0,438,79,157,.503,18,52,.346,61,105,.581,.561,16,22,.727,13,41,54,51,19,11,18,23,192,0,,bouyeja01
317,Josh Minott,23,BOS,PF,33,10,526,69,136,.507,34,77,.442,35,59,.593,.632,20,26,.769,40,78,118,33,24,12,20,51,192,0,,minotjo01
318,Tyrese Proctor,21,CLE,PG,39,1,404,66,169,.391,36,103,.350,30,66,.455,.497,23,27,.852,6,35,41,53,15,0,26,44,191,0,,proctty01
319,Christian Braun,24,DEN,SG,19,19,576,72,150,.480,11,44,.250,61,106,.575,.517,34,44,.773,29,53,82,53,10,7,22,43,189,0,,braunch01
320,Adem Bona,22,PHI,C,45,4,735,69,119,.580,2,5,.400,67,114,.588,.588,48,71,.676,81,95,176,10,17,57,34,97,188,0,,bonaad01
321,Jalen Wilson,25,BRK,PF,35,0,513,59,162,.364,35,99,.354,24,63,.381,.472,35,46,.761,7,48,55,22,14,2,19,44,188,0,,wilsoja03
322,Steven Adams,32,HOU,C,32,11,730,70,139,.504,0,0,,70,139,.504,.504,47,81,.580,145,131,276,48,22,20,35,55,187,0,,adamsst01
323,Baylor Scheierman,25,BOS,SG,49,8,705,66,147,.449,43,109,.394,23,38,.605,.595,12,14,.857,23,114,137,50,28,4,21,67,187,0,,scheiba01
324,Hugo González,19,BOS,SF,49,2,745,75,163,.460,25,76,.329,50,87,.575,.537,10,21,.476,42,121,163,28,29,12,29,87,185,0,,gonzahu01
325,Olivier-Maxence Prosper,23,MEM,PF,29,1,398,61,124,.492,23,55,.418,38,69,.551,.585,40,46,.870,25,58,83,19,8,4,20,26,185,0,,prospol01
326,Noah Penda,21,ORL,SF,38,2,519,67,154,.435,25,65,.385,42,89,.472,.516,25,39,.641,56,85,141,44,21,14,32,51,184,0,,pendano01
327,Ochai Agbaji,25,2TM,SG,43,13,666,72,173,.416,12,65,.185,60,108,.556,.451,25,29,.862,36,65,101,32,17,12,19,75,181,0,,agbajoc01
327,Ochai Agbaji,25,TOR,SG,42,13,650,72,170,.424,12,65,.185,60,105,.571,.459,25,29,.862,33,62,95,30,17,11,19,75,181,0,,agbajoc01
327,Ochai Agbaji,25,BRK,SG,1,0,16,0,3,.000,0,0,,0,3,.000,.000,0,0,,3,3,6,2,0,1,0,0,0,0,,agbajoc01
328,Johnny Furphy,21,IND,SG,35,21,643,70,149,.470,23,71,.324,47,78,.603,.547,17,35,.486,32,121,153,41,20,7,29,65,180,0,,furphjo01
329,Clint Capela,31,HOU,C,47,1,556,76,144,.528,0,0,,76,144,.528,.528,21,38,.553,101,112,213,26,24,37,19,40,173,0,,capelca01
330,Kyle Anderson,32,2TM,SF,23,3,472,69,124,.556,3,5,.600,66,119,.555,.569,28,43,.651,22,57,79,64,28,14,23,57,169,0,,anderky01
330,Kyle Anderson,32,UTA,SF,20,0,401,57,109,.523,3,5,.600,54,104,.519,.537,25,38,.658,19,47,66,61,23,10,17,46,142,0,,anderky01
330,Kyle Anderson,32,MEM,SF,3,3,71,12,15,.800,0,0,,12,15,.800,.800,3,5,.600,3,10,13,3,5,4,6,11,27,0,,anderky01
331,Branden Carlson,26,OKC,C,34,2,373,68,130,.523,21,59,.356,47,71,.662,.604,9,17,.529,21,67,88,19,6,18,12,30,166,0,,carlsbr01
332,Micah Potter,27,IND,C,22,3,408,51,110,.464,27,72,.375,24,38,.632,.586,37,42,.881,18,77,95,32,8,7,16,37,166,0,,pottemi01
333,Jabari Walker,23,PHI,PF,45,6,543,58,144,.403,17,63,.270,41,81,.506,.462,32,44,.727,51,87,138,21,16,11,17,73,165,0,,walkeja01
334,Zeke Nnaji,25,DEN,PF,39,2,500,60,123,.488,11,40,.275,49,83,.590,.533,33,40,.825,29,79,108,21,13,20,21,52,164,0,,nnajize01
335,Drew Eubanks,28,SAC,C,32,11,430,69,114,.605,1,5,.200,68,109,.624,.610,24,43,.558,27,57,84,9,12,19,25,41,163,0,,eubandr01
336,Kasparas Jakučionis,19,MIA,PG,29,8,494,51,128,.398,37,82,.451,14,46,.304,.543,24,27,.889,24,46,70,70,19,2,27,57,163,0,,jakucka01
337,Lonzo Ball,28,CLE,PG,35,3,728,53,176,.301,40,147,.272,13,29,.448,.415,14,21,.667,26,114,140,136,45,9,52,46,160,0,,balllo01
338,Trayce Jackson-Davis,25,2TM,C,38,1,436,62,107,.579,1,1,1.000,61,106,.575,.584,35,62,.565,56,69,125,34,15,20,19,40,160,0,,jackstr02
338,Trayce Jackson-Davis,25,GSW,C,36,1,411,60,102,.588,1,1,1.000,59,101,.584,.593,29,52,.558,47,65,112,32,13,19,18,40,150,0,,jackstr02
338,Trayce Jackson-Davis,25,TOR,C,2,0,25,2,5,.400,0,0,,2,5,.400,.400,6,10,.600,9,4,13,2,2,1,1,0,10,0,,jackstr02
339,Caleb Martin,30,DAL,SF,46,10,644,61,137,.445,14,38,.368,47,99,.475,.496,22,35,.629,23,90,113,72,31,11,31,66,158,0,,martica02
340,Dylan Cardwell,24,SAC,C,29,1,616,67,112,.598,0,1,.000,67,111,.604,.598,22,40,.550,91,132,223,36,22,47,24,108,156,0,,cardwdy01
341,Jordan Hawkins,23,NOP,SG,36,0,498,56,172,.326,30,96,.313,26,76,.342,.413,14,18,.778,14,48,62,27,8,7,22,22,156,0,,hawkijo01
342,Jett Howard,22,ORL,SF,33,0,342,53,136,.390,29,86,.337,24,50,.480,.496,21,23,.913,11,31,42,27,6,4,7,31,156,0,,howarje01
343,Guerschon Yabusele,30,2TM,C,45,3,473,58,146,.397,30,92,.326,28,54,.519,.500,9,14,.643,29,75,104,24,10,7,18,47,155,0,,yabusgu01
343,Guerschon Yabusele,30,NYK,C,41,0,366,42,107,.393,20,68,.294,22,39,.564,.486,8,12,.667,24,63,87,18,6,5,15,36,112,0,,yabusgu01
343,Guerschon Yabusele,30,CHI,C,4,3,107,16,39,.410,10,24,.417,6,15,.400,.538,1,2,.500,5,12,17,6,4,2,3,11,43,0,,yabusgu01
344,Keaton Wallace,26,ATL,PG,40,2,446,57,136,.419,34,84,.405,23,52,.442,.544,6,11,.545,3,43,46,80,21,5,22,38,154,0,,wallake01
345,Rob Dillingham,21,2TM,PG,38,0,400,60,170,.353,13,39,.333,47,131,.359,.391,21,27,.778,8,44,52,70,25,3,43,43,154,0,,dilliro01
345,Rob Dillingham,21,MIN,PG,35,0,326,47,141,.333,12,33,.364,35,108,.324,.376,15,20,.750,5,36,41,58,19,3,36,36,121,0,,dilliro01
345,Rob Dillingham,21,CHI,PG,3,0,74,13,29,.448,1,6,.167,12,23,.522,.466,6,7,.857,3,8,11,12,6,0,7,7,33,0,,dilliro01
346,Tyus Jones,29,2TM,PG,51,9,805,58,169,.343,31,110,.282,27,59,.458,.435,6,6,1.000,9,46,55,129,35,3,16,28,153,0,,jonesty01
346,Tyus Jones,29,ORL,PG,48,8,754,54,158,.342,30,102,.294,24,56,.429,.437,6,6,1.000,9,44,53,116,33,3,14,25,144,0,,jonesty01
346,Tyus Jones,29,DAL,PG,3,1,51,4,11,.364,1,8,.125,3,3,1.000,.409,0,0,,0,2,2,13,2,0,2,3,9,0,,jonesty01
347,Tony Bradley,28,IND,C,38,3,416,59,106,.557,1,2,.500,58,104,.558,.561,32,43,.744,56,51,107,20,6,7,17,60,151,0,,bradlto01
348,Zach Edey,23,MEM,C,11,11,284,62,98,.633,1,5,.200,61,93,.656,.638,25,32,.781,43,79,122,12,7,21,26,37,150,0,,edeyza01
349,Carter Bryant,20,SAS,PF,43,0,398,53,143,.371,25,78,.321,28,65,.431,.458,15,22,.682,19,66,85,14,9,9,13,39,146,0,,bryanca01
350,Nick Smith Jr.,21,LAL,SG,25,1,318,56,133,.421,27,69,.391,29,64,.453,.523,7,11,.636,2,18,20,28,9,2,19,24,146,0,,smithni01
351,Josh Green,25,CHO,SG,31,0,500,48,104,.462,33,75,.440,15,29,.517,.620,14,16,.875,28,32,60,31,18,3,19,35,143,0,,greenjo02
352,Jericho Sims,27,MIL,C,39,7,613,64,78,.821,0,0,,64,78,.821,.821,15,23,.652,54,112,166,32,8,9,37,70,143,0,,simsje01
353,Gabe Vincent,29,2TM,PG,30,7,578,46,136,.338,38,107,.355,8,29,.276,.478,10,11,.909,8,20,28,41,17,1,12,54,140,0,,vincega01
353,Gabe Vincent,29,LAL,PG,29,7,559,45,130,.346,38,103,.369,7,27,.259,.492,10,11,.909,7,20,27,37,14,1,12,53,138,0,,vincega01
353,Gabe Vincent,29,ATL,PG,1,0,19,1,6,.167,0,4,.000,1,2,.500,.167,0,0,,1,0,1,4,3,0,0,1,2,0,,vincega01
354,Ousmane Dieng,22,2TM,C,30,1,359,52,116,.448,26,65,.400,26,51,.510,.560,8,10,.800,9,48,57,34,4,11,8,28,138,0,,diengou01
354,Ousmane Dieng,22,OKC,C,27,0,295,38,91,.418,18,49,.367,20,42,.476,.516,6,6,1.000,8,34,42,28,2,7,8,22,100,0,,diengou01
354,Ousmane Dieng,22,MIL,C,3,1,64,14,25,.560,8,16,.500,6,9,.667,.720,2,4,.500,1,14,15,6,2,4,0,6,38,0,,diengou01
355,Rayan Rupert,21,POR,SG,48,0,577,53,147,.361,22,71,.310,31,76,.408,.435,9,14,.643,23,63,86,34,29,2,28,60,137,0,,ruperra01
356,Jamir Watkins,24,WAS,SG,27,4,492,48,120,.400,15,64,.234,33,56,.589,.463,23,33,.697,26,70,96,22,21,14,16,68,134,0,,watkija01
357,Bogdan Bogdanović,33,LAC,SG,17,3,372,45,121,.372,24,74,.324,21,47,.447,.471,16,19,.842,5,42,47,44,8,1,22,40,130,0,,bogdabo01
358,Cam Christie,20,LAC,SG,38,0,379,43,108,.398,12,42,.286,31,66,.470,.454,32,42,.762,12,48,60,22,10,3,16,17,130,0,,chrisca02
359,Malaki Branham,22,WAS,SG,28,0,275,43,91,.473,14,37,.378,29,54,.537,.549,28,34,.824,12,32,44,23,10,3,15,21,128,0,,branhma01
360,Yanic Konan Niederhäuser,22,LAC,C,34,0,306,48,71,.676,0,3,.000,48,68,.706,.676,29,43,.674,29,50,79,10,2,19,19,46,125,0,,konanya01
361,Jevon Carter,30,2TM,PG,24,0,258,41,106,.387,32,80,.400,9,26,.346,.538,10,10,1.000,5,22,27,19,13,2,11,19,124,0,,carteje01
361,Jevon Carter,30,CHI,PG,23,0,254,41,103,.398,32,78,.410,9,25,.360,.553,10,10,1.000,5,21,26,19,13,2,11,19,124,0,,carteje01
361,Jevon Carter,30,ORL,PG,1,0,4,0,3,.000,0,2,.000,0,1,.000,.000,0,0,,0,1,1,0,0,0,0,0,0,0,,carteje01
362,Mohamed Diawara,20,NYK,SF,45,6,318,47,103,.456,26,63,.413,21,40,.525,.583,3,6,.500,10,43,53,24,11,5,15,29,123,0,,diawamo01
363,Devin Carter,23,SAC,PG,20,1,268,43,111,.387,9,48,.188,34,63,.540,.428,27,33,.818,12,32,44,38,12,5,20,24,122,0,,cartede02
364,Jonathan Isaac,28,ORL,PF,44,0,439,41,94,.436,7,36,.194,34,58,.586,.473,32,50,.640,33,77,110,17,17,25,16,34,121,0,,isaacjo01
365,Nick Richards,28,2TM,C,31,2,320,45,91,.495,2,3,.667,43,88,.489,.505,29,41,.707,42,66,108,9,7,19,31,49,121,0,,richani01
365,Nick Richards,28,PHO,C,28,2,254,35,71,.493,0,0,,35,71,.493,.493,19,28,.679,35,56,91,8,4,14,25,39,89,0,,richani01
365,Nick Richards,28,CHI,C,3,0,66,10,20,.500,2,3,.667,8,17,.471,.550,10,13,.769,7,10,17,1,3,5,6,10,32,0,,richani01
366,Jamison Battle,24,TOR,SF,39,2,330,46,91,.505,22,53,.415,24,38,.632,.626,6,9,.667,13,42,55,15,5,2,14,29,120,0,,battlja01
367,Javon Small,23,MEM,PG,20,0,297,41,105,.390,18,50,.360,23,55,.418,.476,20,25,.800,14,30,44,64,7,3,22,25,120,0,,smallja01
368,Moritz Wagner,28,ORL,C,13,0,156,41,80,.513,15,33,.455,26,47,.553,.606,23,26,.885,9,33,42,7,7,1,8,23,120,0,,wagnemo01
369,Ty Jerome,28,MEM,SG,6,6,121,38,71,.535,14,35,.400,24,36,.667,.634,28,33,.848,3,10,13,36,7,2,10,13,118,0,,jeromty01
370,Dalen Terry,23,2TM,SG,35,0,384,45,104,.433,19,47,.404,26,57,.456,.524,9,17,.529,19,46,65,44,22,11,22,33,118,0,,terryda01
370,Dalen Terry,23,CHI,SG,34,0,377,45,102,.441,19,46,.413,26,56,.464,.534,9,17,.529,19,45,64,43,22,11,21,33,118,0,,terryda01
370,Dalen Terry,23,PHI,SG,1,0,7,0,2,.000,0,1,.000,0,1,.000,.000,0,0,,0,1,1,1,0,0,1,0,0,0,,terryda01
371,Liam McNeeley,20,CHO,SF,28,0,342,34,88,.386,22,58,.379,12,30,.400,.511,25,31,.806,11,49,60,23,5,3,12,35,115,0,,mcneeli01
372,Pete Nance,25,MIL,PF,23,0,247,46,75,.613,23,43,.535,23,32,.719,.767,0,0,,11,36,47,14,7,4,10,19,115,0,,nancepe01
373,Dwight Powell,34,DAL,C,40,7,541,37,59,.627,0,2,.000,37,57,.649,.627,40,62,.645,53,89,142,38,21,12,20,73,114,0,,poweldw01
374,Jeremy Sochan,22,SAS,PF,28,0,358,47,99,.475,9,35,.257,38,64,.594,.520,11,16,.688,26,47,73,28,10,5,18,50,114,0,,sochaje01
375,Ben Saraf,19,BRK,SG,22,5,384,38,113,.336,12,48,.250,26,65,.400,.389,24,33,.727,7,29,36,60,17,4,40,28,112,0,,sarafbe01
376,Kobe Brown,26,2TM,PF,36,1,342,38,93,.409,14,51,.275,24,42,.571,.484,22,28,.786,22,44,66,31,10,2,17,23,112,0,,brownko01
376,Kobe Brown,26,LAC,PF,34,0,295,33,84,.393,13,49,.265,20,35,.571,.470,21,26,.808,18,35,53,27,9,2,15,16,100,0,,brownko01
376,Kobe Brown,26,IND,PF,2,1,47,5,9,.556,1,2,.500,4,7,.571,.611,1,2,.500,4,9,13,4,1,0,2,7,12,0,,brownko01
377,Moussa Cisse,23,DAL,C,30,1,359,42,69,.609,0,0,,42,69,.609,.609,27,56,.482,55,79,134,7,10,34,22,56,111,0,,cissemo01
378,Ethan Thompson,26,IND,SG,22,5,352,39,102,.382,21,66,.318,18,36,.500,.485,11,16,.688,11,29,40,32,13,6,12,43,110,0,,thompet01
379,Myron Gardner,24,MIA,SF,26,4,254,39,84,.464,18,45,.400,21,39,.538,.571,13,18,.722,26,52,78,27,14,5,6,44,109,0,,gardnmy01
380,Kelly Olynyk,34,SAS,C,30,0,284,38,79,.481,9,38,.237,29,41,.707,.538,20,30,.667,19,37,56,36,13,1,18,36,105,0,,olynyke01
381,Julian Phillips,22,2TM,SF,37,2,342,39,92,.424,16,50,.320,23,42,.548,.511,11,13,.846,22,22,44,7,19,6,7,34,105,0,,phillju01
381,Julian Phillips,22,CHI,SF,35,2,334,37,88,.420,16,49,.327,21,39,.538,.511,9,11,.818,22,22,44,7,17,6,7,33,99,0,,phillju01
381,Julian Phillips,22,MIN,SF,2,0,8,2,4,.500,0,1,.000,2,3,.667,.500,2,2,1.000,0,0,0,0,2,0,0,1,6,0,,phillju01
382,John Konchar,29,2TM,SG,34,1,513,41,86,.477,13,47,.277,28,39,.718,.552,10,16,.625,26,81,107,48,36,17,15,39,105,0,,konchjo01
382,John Konchar,29,MEM,SG,30,1,435,37,71,.521,13,39,.333,24,32,.750,.613,8,13,.615,20,72,92,40,31,13,14,30,95,0,,konchjo01
382,John Konchar,29,UTA,SG,4,0,78,4,15,.267,0,8,.000,4,7,.571,.267,2,3,.667,6,9,15,8,5,4,1,9,10,0,,konchjo01
383,Jeremiah Robinson-Earl,25,2TM,PF,22,3,361,37,100,.370,10,41,.244,27,59,.458,.420,17,18,.944,36,67,103,15,9,1,12,26,101,0,,robinje02
383,Jeremiah Robinson-Earl,25,IND,PF,17,3,300,29,83,.349,8,33,.242,21,50,.420,.398,13,14,.929,32,56,88,12,7,1,10,23,79,0,,robinje02
383,Jeremiah Robinson-Earl,25,DAL,PF,5,0,61,8,17,.471,2,8,.250,6,9,.667,.529,4,4,1.000,4,11,15,3,2,0,2,3,22,0,,robinje02
384,Terrence Shannon Jr.,25,MIN,SG,22,0,282,32,81,.395,15,37,.405,17,44,.386,.488,21,27,.778,6,22,28,14,7,1,15,29,100,0,,shannte01
385,Zach Collins,28,CHI,C,10,0,184,37,64,.578,9,21,.429,28,43,.651,.648,14,20,.700,16,40,56,15,2,4,10,18,97,0,,colliza01
386,Gary Harris,31,MIL,SG,38,2,553,33,74,.446,20,47,.426,13,27,.481,.581,8,9,.889,13,41,54,41,21,6,16,43,94,0,,harriga01
387,Duop Reath,29,POR,C,32,0,258,33,74,.446,23,55,.418,10,19,.526,.601,5,6,.833,10,28,38,10,5,8,7,28,94,0,,reathdu01
388,Marcus Sasser,25,DET,PG,17,0,167,32,69,.464,18,44,.409,14,25,.560,.594,10,11,.909,1,14,15,33,11,2,12,14,92,0,,sassema01
389,Grant Williams,27,CHO,PF,14,1,266,27,75,.360,14,52,.269,13,23,.565,.453,22,27,.815,17,39,56,22,6,4,10,20,90,0,,willigr01
390,Larry Nance Jr.,33,CLE,PF,25,2,322,35,92,.380,16,48,.333,19,44,.432,.467,3,5,.600,21,43,64,25,15,4,11,46,89,0,,nancela02
391,Amir Coffey,28,2TM,SG,32,2,298,31,66,.470,9,31,.290,22,35,.629,.538,16,19,.842,8,25,33,14,4,3,5,19,87,0,,coffeam01
391,Amir Coffey,28,MIL,SG,30,2,265,26,55,.473,7,25,.280,19,30,.633,.536,13,15,.867,6,20,26,11,3,3,4,14,72,0,,coffeam01
391,Amir Coffey,28,PHO,SG,2,0,33,5,11,.455,2,6,.333,3,5,.600,.545,3,4,.750,2,5,7,3,1,0,1,5,15,0,,coffeam01
392,Jae'Sean Tate,30,HOU,SF,32,0,267,37,73,.507,7,22,.318,30,51,.588,.555,4,7,.571,22,25,47,16,8,3,10,36,85,0,,tateja01
393,KJ Simpson,23,CHO,PG,14,2,223,31,89,.348,12,39,.308,19,50,.380,.416,10,16,.625,5,24,29,35,15,0,24,14,84,0,,simpskj01
394,Joan Beringer,19,MIN,PF,27,0,181,37,56,.661,0,0,,37,56,.661,.661,8,13,.615,28,26,54,7,3,11,8,27,82,0,,berinjo01
395,Ariel Hukporti,23,NYK,C,39,4,361,30,53,.566,1,4,.250,29,49,.592,.575,19,26,.731,39,76,115,21,5,21,21,50,80,0,,hukpoar01
396,PJ Hall,23,2TM,C,16,2,171,29,51,.569,3,5,.600,26,46,.565,.598,19,25,.760,27,35,62,7,2,9,12,18,80,0,,hallpj01
396,PJ Hall,23,MEM,C,7,0,27,5,9,.556,1,3,.333,4,6,.667,.611,2,3,.667,3,6,9,2,0,2,1,3,13,0,,hallpj01
396,PJ Hall,23,CHO,C,9,2,144,24,42,.571,2,2,1.000,22,40,.550,.595,17,22,.773,24,29,53,5,2,7,11,15,67,0,,hallpj01
397,Jalen Green,23,PHO,SG,7,2,107,27,66,.409,13,37,.351,14,29,.483,.508,11,13,.846,2,13,15,16,3,0,10,4,78,0,,greenja05
398,Garrison Mathews,29,IND,SG,15,1,196,21,52,.404,17,46,.370,4,6,.667,.567,19,23,.826,2,15,17,10,6,3,3,19,78,0,,mathega01
399,Rasheer Fleming,21,PHO,PF,30,0,209,29,82,.354,11,46,.239,18,36,.500,.421,8,11,.727,21,19,40,7,6,7,9,22,77,0,,flemira01
400,Yang Hansen,20,POR,C,34,1,255,25,84,.298,5,37,.135,20,47,.426,.327,19,20,.950,16,38,54,21,3,8,29,40,74,0,,yangha01
401,Blake Wesley,22,POR,SG,13,0,201,29,67,.433,7,22,.318,22,45,.489,.485,8,16,.500,6,19,25,39,13,1,16,17,73,0,,weslebl01
402,Walker Kessler,24,UTA,C,5,5,154,26,37,.703,6,8,.750,20,29,.690,.784,14,20,.700,23,31,54,15,7,9,16,22,72,0,,kesslwa01
403,Sharife Cooper,24,WAS,PG,12,0,171,28,52,.538,9,19,.474,19,33,.576,.625,5,7,.714,4,23,27,23,3,2,18,15,70,0,,coopesh01
404,AJ Johnson,21,2TM,SG,28,0,225,27,88,.307,7,27,.259,20,61,.328,.347,9,12,.750,8,24,32,23,7,0,18,15,70,0,,johnsaj01
404,AJ Johnson,21,WAS,SG,25,0,214,27,83,.325,7,25,.280,20,58,.345,.367,9,12,.750,8,23,31,22,7,0,18,15,70,0,,johnsaj01
404,AJ Johnson,21,DAL,SG,3,0,11,0,5,.000,0,2,.000,0,3,.000,.000,0,0,,0,1,1,1,0,0,0,0,0,0,,johnsaj01
405,Anthony Gill,33,WAS,PF,28,0,225,26,48,.542,4,13,.308,22,35,.629,.583,10,12,.833,17,30,47,9,11,6,10,23,66,0,,gillan01
406,Keshad Johnson,24,MIA,SF,21,0,159,23,57,.404,7,23,.304,16,34,.471,.465,13,17,.765,15,24,39,2,5,4,9,16,66,0,,johnske10
407,Maxi Kleber,34,LAL,PF,29,1,333,23,53,.434,6,21,.286,17,32,.531,.491,14,20,.700,23,33,56,20,11,6,12,45,66,0,,klebima01
408,Chris Youngblood,23,OKC,SG,32,0,174,20,60,.333,16,51,.314,4,9,.444,.467,9,10,.900,7,21,28,11,4,3,2,20,65,0,,youngch01
409,RayJ Dennis,24,3TM,PG,15,0,177,22,73,.301,12,39,.308,10,34,.294,.384,8,9,.889,8,15,23,30,4,4,15,17,64,0,,dennira01
409,RayJ Dennis,24,IND,PG,13,0,168,22,72,.306,12,38,.316,10,34,.294,.389,8,9,.889,8,13,21,26,3,4,14,16,64,0,,dennira01
409,RayJ Dennis,24,LAC,PG,1,0,4,0,0,,0,0,,0,0,,,0,0,,0,2,2,0,0,0,1,0,0,0,,dennira01
409,RayJ Dennis,24,ATL,PG,1,0,5,0,1,.000,0,1,.000,0,0,,.000,0,0,,0,0,0,4,1,0,0,1,0,0,,dennira01
410,Pat Connaughton,33,CHO,SG,22,0,155,22,45,.489,11,27,.407,11,18,.611,.611,8,13,.615,6,24,30,14,5,1,3,5,63,0,,connapa01
411,Bronny James,21,LAL,SG,29,1,211,24,60,.400,11,27,.407,13,33,.394,.492,4,5,.800,4,11,15,35,11,2,14,16,63,0,,jamesbr02
412,Isaiah Livers,27,PHO,PF,29,0,294,22,52,.423,12,35,.343,10,17,.588,.538,7,10,.700,17,39,56,20,12,8,12,27,63,0,,liveris01
413,Drew Timme,25,LAL,PF,18,0,150,26,46,.565,7,17,.412,19,29,.655,.641,4,7,.571,8,15,23,15,5,0,6,10,63,0,,timmedr01
414,Chaz Lanier,24,DET,SG,20,0,171,21,57,.368,15,45,.333,6,12,.500,.500,5,5,1.000,7,12,19,13,5,0,2,7,62,0,,laniech01
415,Dorian Finney-Smith,32,HOU,PF,20,0,316,20,67,.299,13,53,.245,7,14,.500,.396,5,5,1.000,17,30,47,15,7,4,11,33,58,0,,finnedo01
416,DaRon Holmes,23,DEN,PF,15,6,176,19,43,.442,14,34,.412,5,9,.556,.605,6,8,.750,5,19,24,15,0,4,5,16,58,0,,holmeda01
417,Taelon Peter,23,IND,SG,24,0,196,19,58,.328,16,53,.302,3,5,.600,.466,4,6,.667,6,22,28,23,9,2,10,12,58,0,,peterta01
418,Scoot Henderson,21,POR,PG,4,0,80,15,29,.517,7,19,.368,8,10,.800,.638,19,23,.826,1,11,12,22,3,0,18,14,56,0,,hendesc01
419,Christian Koloko,25,3TM,C,20,4,306,26,60,.433,1,5,.200,25,55,.455,.442,3,6,.500,26,40,66,14,12,20,12,42,56,0,,kolokch01
419,Christian Koloko,25,LAL,C,2,0,6,0,0,,0,0,,0,0,,,0,0,,0,1,1,0,0,0,0,1,0,0,,kolokch01
419,Christian Koloko,25,MEM,C,11,2,195,14,35,.400,0,1,.000,14,34,.412,.400,1,4,.250,19,25,44,10,10,13,7,20,29,0,,kolokch01
419,Christian Koloko,25,ATL,C,7,2,105,12,25,.480,1,4,.250,11,21,.524,.500,2,2,1.000,7,14,21,4,2,7,5,21,27,0,,kolokch01
420,Kam Jones,23,IND,SG,18,2,214,24,58,.414,5,25,.200,19,33,.576,.457,2,4,.500,6,13,19,27,4,0,8,11,55,0,,joneska03
421,Jordan McLaughlin,29,SAS,PG,25,0,155,20,47,.426,10,24,.417,10,23,.435,.532,4,5,.800,4,14,18,19,13,0,9,9,54,0,,mclaujo01
422,Lindy Waters III,28,SAS,SG,28,0,191,19,54,.352,15,47,.319,4,7,.571,.491,1,1,1.000,2,19,21,11,4,0,4,17,54,0,,waterli01
423,JD Davison,23,HOU,PG,24,0,178,20,51,.392,8,27,.296,12,24,.500,.471,5,9,.556,2,19,21,26,5,4,7,16,53,0,,davisjd01
424,Kevon Looney,29,NOP,C,18,6,251,23,52,.442,1,9,.111,22,43,.512,.452,5,8,.625,42,54,96,25,6,9,8,32,52,0,,looneke01
425,Jamal Cain,26,ORL,SF,19,0,132,15,38,.395,6,19,.316,9,19,.474,.474,15,18,.833,7,7,14,6,4,1,7,22,51,0,,cainja01
426,Bradley Beal,32,LAC,SG,6,6,121,18,48,.375,7,19,.368,11,29,.379,.448,6,8,.750,2,3,5,10,3,0,9,14,49,0,,bealbr01
427,A.J. Lawson,25,TOR,SG,13,0,109,16,41,.390,8,22,.364,8,19,.421,.488,9,9,1.000,7,16,23,3,4,3,4,15,49,0,,lawsoaj01
428,Taurean Prince,31,MIL,SF,8,0,169,17,38,.447,12,28,.429,5,10,.500,.605,3,3,1.000,0,13,13,8,6,2,5,20,49,0,,princta02
429,Leonard Miller,22,2TM,SF,21,0,104,20,35,.571,1,12,.083,19,23,.826,.586,8,12,.667,7,21,28,5,5,0,9,13,49,0,,millele01
429,Leonard Miller,22,MIN,SF,19,0,95,18,33,.545,1,12,.083,17,21,.810,.561,7,11,.636,7,18,25,5,4,0,9,12,44,0,,millele01
429,Leonard Miller,22,CHI,SF,2,0,9,2,2,1.000,0,0,,2,2,1.000,1.000,1,1,1.000,0,3,3,0,1,0,0,1,5,0,,millele01
430,Jahmai Mashack,23,MEM,SG,12,2,142,20,46,.435,7,23,.304,13,23,.565,.511,0,0,,4,12,16,12,17,1,9,14,47,0,,mashaja01
431,Chris Paul,40,LAC,PG,16,0,228,18,56,.321,10,30,.333,8,26,.308,.411,1,2,.500,6,22,28,53,11,0,16,23,47,0,,paulch01
432,Hunter Tyson,25,DEN,PF,21,2,162,14,52,.269,7,33,.212,7,19,.368,.337,11,13,.846,4,32,36,17,2,1,5,13,46,0,,tysonhu01
433,Brooks Barnhizer,23,OKC,SG,29,0,221,18,46,.391,5,16,.313,13,30,.433,.446,4,6,.667,10,42,52,16,5,3,7,20,45,0,,barnhbr01
434,Doug McDermott,34,SAC,SF,11,0,111,15,38,.395,14,37,.378,1,1,1.000,.579,0,0,,1,7,8,3,2,1,6,7,44,0,,mcderdo01
435,Johnny Juzang,24,MIN,SG,21,0,88,16,38,.421,6,24,.250,10,14,.714,.500,5,8,.625,5,12,17,6,2,1,5,3,43,0,,juzanjo01
436,Daeqwon Plowden,27,SAC,SG,7,1,160,16,48,.333,6,32,.188,10,16,.625,.396,4,4,1.000,14,9,23,11,2,1,4,12,42,0,,plowdda01
437,Obi Toppin,27,IND,PF,3,0,82,15,36,.417,3,17,.176,12,19,.632,.458,9,9,1.000,3,17,20,5,3,0,6,7,42,0,,toppiob01
438,Jeff Green,39,HOU,PF,18,0,82,15,32,.469,10,23,.435,5,9,.556,.625,1,1,1.000,1,9,10,3,1,1,1,5,41,0,,greenje02
439,Andre Jackson Jr.,24,MIL,SG,26,0,168,12,45,.267,5,26,.192,7,19,.368,.322,9,10,.900,10,14,24,24,6,2,9,25,38,0,,jacksan01
440,Nigel Hayes-Davis,31,PHO,SF,27,0,195,15,46,.326,2,16,.125,13,30,.433,.348,2,4,.500,12,21,33,7,8,2,8,16,34,0,,hayesni01
441,Miles Kelly,23,DAL,PG,12,0,102,13,33,.394,8,26,.308,5,7,.714,.515,0,0,,4,15,19,8,3,0,4,11,34,0,,kellymi02
442,Alijah Martin,24,TOR,SG,13,0,97,11,32,.344,2,12,.167,9,20,.450,.375,10,12,.833,6,8,14,8,6,3,3,10,34,0,,martial01
443,Kevin McCullar Jr.,24,NYK,SF,16,0,123,13,33,.394,6,17,.353,7,16,.438,.485,2,5,.400,9,15,24,19,6,0,11,18,34,0,,mcculke01
444,Eric Gordon,37,PHI,SG,6,0,74,12,21,.571,8,14,.571,4,7,.571,.762,1,2,.500,1,1,2,3,4,1,3,3,33,0,,gordoer01
445,David Jones García,24,SAS,SF,11,0,68,13,25,.520,3,5,.600,10,20,.500,.580,3,6,.500,4,9,13,18,6,1,5,6,32,0,,jonesda06
446,Scotty Pippen Jr.,25,MEM,PG,3,1,60,12,24,.500,3,7,.429,9,17,.529,.563,5,6,.833,1,2,3,13,6,2,5,13,32,0,,pippesc02
447,Khaman Maluach,19,PHO,C,23,0,107,11,24,.458,0,6,.000,11,18,.611,.458,9,10,.900,8,18,26,3,1,9,10,17,31,0,,maluakh01
448,Xavier Tillman Sr.,27,2TM,C,15,1,112,14,31,.452,3,15,.200,11,16,.688,.500,0,0,,10,15,25,5,6,2,5,9,31,0,,tillmxa01
448,Xavier Tillman Sr.,27,BOS,C,14,1,111,14,31,.452,3,15,.200,11,16,.688,.500,0,0,,10,15,25,5,6,2,5,9,31,0,,tillmxa01
448,Xavier Tillman Sr.,27,CHO,C,1,0,1,0,0,,0,0,,0,0,,,0,0,,0,0,0,0,0,0,0,0,0,0,,tillmxa01
449,Dereck Lively II,21,DAL,C,7,4,115,11,18,.611,0,0,,11,18,.611,.611,8,10,.800,14,23,37,13,4,11,10,21,30,0,,livelde01
450,Jonathan Mogbo,24,TOR,PF,23,0,139,14,28,.500,0,0,,14,28,.500,.500,2,5,.400,12,25,37,10,4,4,6,13,30,0,,mogbojo01
451,Tolu Smith,25,DET,PF,6,0,70,8,18,.444,0,0,,8,18,.444,.444,13,18,.722,12,19,31,6,2,5,5,9,29,0,,smithto05
452,Luke Travers,24,CLE,SG,12,0,103,9,36,.250,1,16,.063,8,20,.400,.264,9,9,1.000,9,15,24,9,7,4,3,6,28,0,,travelu01
453,Ron Harper Jr.,25,BOS,SF,10,1,106,10,31,.323,6,24,.250,4,7,.571,.419,1,2,.500,9,12,21,8,1,4,1,9,27,0,,harpero02
454,Mason Plumlee,35,CHO,C,14,2,125,9,12,.750,0,0,,9,12,.750,.750,8,12,.667,10,30,40,16,6,0,9,10,26,0,,plumlma01
455,Adou Thiero,21,LAL,SF,17,0,98,9,20,.450,0,1,.000,9,19,.474,.450,7,9,.778,7,11,18,5,5,2,4,15,25,0,,thierad01
456,Lachlan Olbrich,22,CHI,C,17,0,121,9,21,.429,2,7,.286,7,14,.500,.476,4,10,.400,12,26,38,12,2,1,4,22,24,0,,olbrila01
457,Javonte Cooke,26,POR,SG,16,0,83,9,35,.257,3,19,.158,6,16,.375,.300,2,2,1.000,3,12,15,7,6,0,9,6,23,0,,cookeja01
458,Caleb Houstan,23,ATL,SF,10,0,49,7,15,.467,6,12,.500,1,3,.333,.667,3,3,1.000,4,1,5,2,1,1,4,6,23,0,,houstca01
459,Mac McClung,27,2TM,SG,4,0,47,9,25,.360,2,12,.167,7,13,.538,.400,3,4,.750,0,5,5,2,5,2,3,8,23,0,,mccluma01
459,Mac McClung,27,IND,SG,3,0,34,7,18,.389,2,10,.200,5,8,.625,.444,3,4,.750,0,4,4,1,5,1,2,6,19,0,,mccluma01
459,Mac McClung,27,CHI,SG,1,0,13,2,7,.286,0,2,.000,2,5,.400,.286,0,0,,0,1,1,1,0,1,1,2,4,0,,mccluma01
460,Thanasis Antetokounmpo,33,MIL,SF,19,0,57,8,15,.533,0,1,.000,8,14,.571,.533,6,11,.545,7,6,13,2,6,3,3,9,22,0,,antetth01
461,E.J. Liddell,25,BRK,PF,10,0,49,8,17,.471,4,11,.364,4,6,.667,.588,2,3,.667,3,8,11,0,1,0,0,4,22,0,,liddeej01
462,Mark Sears,23,MIL,PG,7,0,26,6,13,.462,4,8,.500,2,5,.400,.615,6,8,.750,1,1,2,2,0,0,4,4,22,0,,searsma01
463,Amari Williams,24,BOS,PF,14,2,112,7,16,.438,0,0,,7,16,.438,.438,8,12,.667,7,22,29,6,2,9,6,15,22,0,,william01
464,Chris Boucher,33,BOS,PF,9,0,94,8,25,.320,2,15,.133,6,10,.600,.360,3,4,.750,2,16,18,3,5,7,1,17,21,0,,bouchch01
465,Antonio Reeves,25,CHO,SG,7,0,56,8,16,.500,5,10,.500,3,6,.500,.656,0,0,,1,4,5,2,1,0,0,3,21,0,,reevean01
466,Yuki Kawamura,24,CHI,PG,4,0,76,5,17,.294,4,13,.308,1,4,.250,.412,6,6,1.000,3,13,16,22,5,0,4,4,20,0,,kawamyu01
467,Matisse Thybulle,28,POR,SG,4,0,49,6,10,.600,4,6,.667,2,4,.500,.800,4,4,1.000,0,4,4,3,10,0,1,7,20,0,,thybuma01
468,Kobe Bufkin,22,LAL,SG,6,1,71,6,22,.273,3,12,.250,3,10,.300,.341,4,4,1.000,1,6,7,3,2,3,4,4,19,0,,bufkiko01
469,MarJon Beauchamp,25,PHI,SF,2,0,36,6,14,.429,3,7,.429,3,7,.429,.536,3,4,.750,1,6,7,5,3,1,3,0,18,0,,beaucma01
470,Monte Morris,30,IND,PG,6,0,65,7,20,.350,2,8,.250,5,12,.417,.400,2,4,.500,1,6,7,9,1,1,2,3,18,0,,morrimo01
471,Elijah Harkless,25,UTA,SG,7,0,66,4,11,.364,2,7,.286,2,4,.500,.455,7,9,.778,2,4,6,5,4,0,3,10,17,0,,harklej01
472,Bobi Klintman,22,DET,SF,9,0,64,7,24,.292,3,12,.250,4,12,.333,.354,0,3,.000,5,12,17,4,3,0,5,11,17,0,,klintbo01
473,TyTy Washington Jr.,24,LAC,PG,5,0,40,7,12,.583,3,6,.500,4,6,.667,.708,0,0,,1,1,2,9,4,2,1,2,17,0,,washity02
474,Jahmir Young,25,MIA,PG,8,0,44,7,19,.368,2,7,.286,5,12,.417,.421,1,1,1.000,2,2,4,6,1,0,2,4,17,0,,youngja05
475,Emanuel Miller,25,CHI,PF,5,0,33,6,13,.462,2,6,.333,4,7,.571,.538,1,2,.500,1,2,3,4,2,0,0,2,15,0,,milleem01
476,Trey Alexander,22,NOP,SG,5,0,42,6,9,.667,2,3,.667,4,6,.667,.778,0,0,,0,4,4,5,1,1,1,4,14,0,,alexatr01
477,Seth Curry,35,GSW,SG,2,0,32,6,9,.667,2,4,.500,4,5,.800,.778,0,0,,1,3,4,3,2,0,0,3,14,0,,curryse01
478,Pacome Dadiet,20,NYK,SG,20,0,68,3,13,.231,1,8,.125,2,5,.400,.269,6,6,1.000,2,12,14,9,3,0,0,3,13,0,,dadiepa01
479,Skal Labissière,29,WAS,PF,3,0,38,6,10,.600,1,5,.200,5,5,1.000,.650,0,0,,3,6,9,3,2,1,1,3,13,0,,labissk01
480,James Wiseman,24,IND,C,4,1,58,6,10,.600,0,0,,6,10,.600,.600,1,2,.500,5,3,8,3,0,1,5,10,13,0,,wisemja01
481,Tyson Etienne,26,BRK,PG,8,0,34,4,15,.267,4,13,.308,0,2,.000,.400,0,0,,0,0,0,1,0,0,1,5,12,0,,etienty01
482,Kyle Lowry,39,PHI,PG,7,0,63,3,10,.300,3,10,.300,0,0,,.450,3,4,.750,0,4,4,8,2,1,2,3,12,0,,lowryky01
483,Blake Hinson,26,UTA,SF,1,0,25,4,7,.571,3,6,.500,1,1,1.000,.786,0,0,,0,1,1,1,0,0,1,5,11,0,,hinsobl01
484,Patrick Baldwin Jr.,23,2TM,SF,3,0,14,3,4,.750,2,3,.667,1,1,1.000,1.000,2,2,1.000,0,2,2,0,0,0,1,2,10,0,,baldwpa01
484,Patrick Baldwin Jr.,23,LAC,SF,2,0,12,3,4,.750,2,3,.667,1,1,1.000,1.000,2,2,1.000,0,1,1,0,0,0,1,2,10,0,,baldwpa01
484,Patrick Baldwin Jr.,23,PHI,SF,1,0,2,0,0,,0,0,,0,0,,,0,0,,0,1,1,0,0,0,0,0,0,0,,baldwpa01
485,Koby Brea,23,PHO,SG,3,0,16,3,5,.600,2,4,.500,1,1,1.000,.800,2,2,1.000,0,2,2,2,0,0,0,0,10,0,,breako01
486,Johni Broome,23,PHI,C,11,0,55,4,24,.167,0,5,.000,4,19,.211,.167,2,6,.333,7,9,16,4,3,2,3,7,10,0,,broomjo01
487,Joe Ingles,38,MIN,SF,19,0,76,3,8,.375,2,6,.333,1,2,.500,.500,2,2,1.000,0,7,7,15,7,0,7,6,10,0,,inglejo01
488,Wendell Moore Jr.,24,DET,SG,5,0,54,4,7,.571,0,1,.000,4,6,.667,.571,2,2,1.000,1,5,6,3,2,2,1,1,10,0,,moorewe01
489,Isaiah Stevens,25,SAC,PG,3,0,43,3,7,.429,0,1,.000,3,6,.500,.429,4,4,1.000,2,1,3,10,5,0,2,2,10,0,,steveis01
490,Bismack Biyombo,33,SAS,C,14,1,78,4,7,.571,0,0,,4,7,.571,.571,1,2,.500,4,8,12,3,3,1,5,14,9,0,,biyombi01
491,Trey Jemison,26,NYK,C,10,0,57,4,7,.571,0,0,,4,7,.571,.571,1,1,1.000,7,8,15,2,1,2,5,7,9,0,,jemistr01
492,Curtis Jones,24,DEN,SG,6,0,31,4,14,.286,1,9,.111,3,5,.600,.321,0,0,,1,4,5,3,0,0,1,3,9,0,,jonescu01
493,DeAndre Jordan,37,NOP,C,2,1,23,4,5,.800,0,0,,4,5,.800,.800,1,2,.500,4,6,10,0,0,0,1,1,9,0,,jordade01
494,Chris Livingston,22,CLE,SF,3,0,17,4,7,.571,0,3,.000,4,4,1.000,.571,1,1,1.000,0,3,3,1,1,0,0,4,9,0,,livinch01
495,Riley Minix,25,SAS,SF,3,0,8,4,6,.667,1,3,.333,3,3,1.000,.750,0,0,,1,1,2,1,1,0,0,1,9,0,,minixri01
496,Charles Bassey,25,2TM,C,3,0,36,4,9,.444,0,0,,4,9,.444,.444,1,3,.333,7,8,15,2,1,2,1,5,9,0,,bassech01
496,Charles Bassey,25,MEM,C,2,0,31,3,8,.375,0,0,,3,8,.375,.375,1,3,.333,7,8,15,2,1,1,1,5,7,0,,bassech01
496,Charles Bassey,25,PHI,C,1,0,5,1,1,1.000,0,0,,1,1,1.000,1.000,0,0,,0,0,0,0,0,1,0,0,2,0,,bassech01
497,Brandon Clarke,29,MEM,PF,2,2,20,3,9,.333,0,0,,3,9,.333,.333,2,4,.500,4,2,6,1,2,0,0,5,8,0,,clarkbr01
498,Jacob Toppin,25,ATL,SF,5,0,17,4,6,.667,0,0,,4,6,.667,.667,0,0,,0,1,1,1,0,1,0,1,8,0,,toppija01
499,Isaiah Crawford,24,HOU,SF,5,0,28,3,6,.500,1,4,.250,2,2,1.000,.583,0,0,,0,2,2,2,2,2,0,0,7,0,,crawfis01
500,Harrison Ingram,23,SAS,SF,4,0,13,3,4,.750,1,1,1.000,2,3,.667,.875,0,0,,3,0,3,0,0,0,0,2,7,0,,ingraha01
501,Dillon Jones,24,NYK,SF,4,0,21,1,5,.200,1,3,.333,0,2,.000,.300,4,4,1.000,2,3,5,3,2,0,0,3,7,0,,jonesdi01
502,Cody Martin,30,IND,SF,4,0,55,2,10,.200,0,5,.000,2,5,.400,.200,3,6,.500,1,13,14,2,4,2,4,5,7,0,,martico01
503,Orlando Robinson,25,ORL,C,4,1,25,3,5,.600,1,2,.500,2,3,.667,.700,0,0,,2,2,4,3,1,0,0,3,7,0,,robinor01
504,Hunter Sallis,22,PHI,SG,7,0,26,3,5,.600,0,0,,3,5,.600,.600,1,2,.500,0,1,1,4,0,1,5,2,7,0,,sallihu01
505,Dalano Banton,26,LAC,PG,2,0,10,3,4,.750,0,0,,3,4,.750,.750,0,0,,1,0,1,2,1,0,1,0,6,0,,bantoda01
506,Buddy Boeheim,26,OKC,SF,2,0,12,2,6,.333,2,6,.333,0,0,,.500,0,0,,0,0,0,0,0,0,0,0,6,0,,boehebu01
507,LJ Cryer,24,GSW,PG,3,0,8,2,5,.400,2,4,.500,0,1,.000,.600,0,0,,0,1,1,0,0,0,0,1,6,0,,cryerlj01
508,Tristan Enaruna,24,CLE,SF,3,0,15,3,6,.500,0,1,.000,3,5,.600,.500,0,0,,5,1,6,2,0,0,0,0,6,0,,enarutr01
509,Keshon Gilbert,22,WAS,PG,3,0,48,1,4,.250,0,2,.000,1,2,.500,.250,4,4,1.000,2,3,5,3,2,4,6,3,6,0,,gilbeke01
510,Malevy Leons,26,GSW,SF,5,0,21,2,6,.333,0,2,.000,2,4,.500,.333,2,2,1.000,2,7,9,1,1,1,2,1,6,0,,leonsma01
511,Oscar Tshiebwe,26,UTA,C,3,0,30,3,6,.500,0,0,,3,6,.500,.500,0,1,.000,5,4,9,5,1,0,1,3,6,0,,tshieos01
512,Drew Peterson,26,CHO,PF,6,0,64,2,16,.125,0,12,.000,2,4,.500,.125,1,2,.500,3,6,9,2,3,1,0,3,5,0,,peterdr01
513,Kadary Richmond,24,WAS,SG,1,0,6,2,2,1.000,1,1,1.000,1,1,1.000,1.250,0,0,,1,1,2,1,1,1,0,0,5,0,,richmka01
514,Dario Šarić,31,SAC,C,5,0,41,1,6,.167,1,3,.333,0,3,.000,.250,2,2,1.000,1,5,6,2,0,0,2,3,5,0,,saricda01
515,Isaac Jones,25,2TM,PF,4,1,18,2,4,.500,0,2,.000,2,2,1.000,.500,1,2,.500,2,0,2,1,0,0,0,4,5,0,,jonesis01
515,Isaac Jones,25,SAC,PF,3,1,17,1,2,.500,0,1,.000,1,1,1.000,.500,1,2,.500,2,0,2,1,0,0,0,4,3,0,,jonesis01
515,Isaac Jones,25,DET,PF,1,0,1,1,2,.500,0,1,.000,1,1,1.000,.500,0,0,,0,0,0,0,0,0,0,0,2,0,,jonesis01
516,Trentyn Flowers,20,CHI,SF,2,0,6,2,3,.667,0,1,.000,2,2,1.000,.667,0,0,,1,0,1,1,0,0,1,1,4,0,,flowetr01
517,Vladislav Goldin,24,MIA,C,2,0,8,2,2,1.000,0,0,,2,2,1.000,1.000,0,0,,0,1,1,2,0,1,0,3,4,0,,goldivl01
518,Garrett Temple,39,TOR,SG,13,0,36,1,7,.143,1,5,.200,0,2,.000,.214,1,2,.500,0,4,4,4,3,1,3,3,4,0,,templga01
519,N'Faly Dante,24,ATL,C,4,0,15,1,4,.250,0,0,,1,4,.250,.250,1,1,1.000,3,4,7,0,2,0,1,1,3,0,,nfalyda01
520,Lawson Lovering,22,MEM,C,1,0,18,1,2,.500,0,0,,1,2,.500,.500,1,2,.500,2,2,4,0,2,0,1,3,3,0,,loverla01
521,Hunter Dickinson,25,NOP,C,1,0,5,1,2,.500,0,0,,1,2,.500,.500,0,0,,0,0,0,0,0,1,2,2,2,0,,dickihu01
522,Colby Jones,23,DET,SG,1,0,7,1,3,.333,0,2,.000,1,1,1.000,.333,0,0,,0,4,4,2,0,0,0,1,2,0,,jonesco02
523,Chris Mañon,24,LAL,SG,5,0,21,0,1,.000,0,1,.000,0,0,,.000,2,2,1.000,1,3,4,1,3,2,1,3,2,0,,manonch01
524,Nikola Topić,20,OKC,PG,1,0,12,1,3,.333,0,2,.000,1,1,1.000,.333,0,0,,0,1,1,1,0,0,3,0,2,0,,topicni01
525,Jahmyl Telfort,24,LAC,PF,8,0,32,0,4,.000,0,4,.000,0,0,,.000,1,4,.250,0,3,3,1,1,0,1,5,1,0,,telfoja01
526,Mo Bamba,27,TOR,C,2,0,6,0,2,.000,0,0,,0,2,.000,.000,0,0,,1,1,2,0,0,1,0,2,0,0,,bambamo01
527,Noa Essengue,19,CHI,PF,2,0,6,0,3,.000,0,2,.000,0,1,.000,.000,0,0,,0,0,0,0,1,0,0,1,0,0,,essenno01
528,Tosan Evbuomwan,24,NYK,SF,5,0,8,0,1,.000,0,0,,0,1,.000,.000,0,0,,1,1,2,0,0,0,0,1,0,0,,evbuoto01
529,Enrique Freeman,25,MIN,PF,2,0,8,0,0,,0,0,,0,0,,,0,0,,0,3,3,0,0,1,0,0,0,0,,freemen01
530,Chucky Hepburn,22,TOR,PG,2,0,13,0,6,.000,0,5,.000,0,1,.000,.000,0,0,,0,1,1,2,1,0,1,2,0,0,,hepbuch01
531,Max Shulga,23,BOS,SG,1,0,2,0,1,.000,0,0,,0,1,.000,.000,0,0,,0,0,0,0,0,0,0,0,0,0,,shulgma01
532,Stanley Umude,26,SAS,SG,1,0,2,0,0,,0,0,,0,0,,,0,0,,0,0,0,0,0,0,0,1,0,0,,umudest01
,League Average,,,,,,,,,.469,,,.359,,,.547,.543,,,.784,,,,,,,,,,,,-9999